data/AtlasDataNEP05_1_1_uni_z50.5.wrm.u_m.ASC
ncols         225 
nrows         153
xllcorner     220 
yllcorner     2800 
cellsize       5
NODATA_value  1.70141e+038
[rows 52 to 77 of 153, columns 58 to 115 of 225]
7.229 4.744 3.383 2.774 3.484 3.58 2.357 2.537 4.567 4.93 2.988 1.844 1.245 1.17 1.167 1.3 0.7883 0.7586 0.9189 0.5182 1.152 0.9033 1.646 2.892 3.555 4.358 4.464 3.918 3.692 5.501 8.121 8.052 1.70141E+038 1.70141E+038 1.70141E+038 1.70141E+038 1.70141E+038 1.70141E+038 1.70141E+038 1.70141E+038 1.70141E+038 1.70141E+038 1.70141E+038 1.70141E+038 1.70141E+038 1.70141E+038 1.70141E+038 1.70141E+038 1.70141E+038 1.70141E+038 1.70141E+038 1.70141E+038 1.70141E+038 1.70141E+038 1.70141E+038 1.70141E+038 1.70141E+038 1.70141E+038
4.324 2.573 2.679 1.743 1.195 1.64 2.405 1.684 4.103 5.213 2.048 1.672 1.36 0.8709 0.8596 1.134 1.091 0.8944 0.6327 0.5419 1.163 1.55 1.427 2.221 4.64 5.107 3.688 3.774 3.625 5.245 8.38 7.166 7.41 1.70141E+038 1.70141E+038 1.70141E+038 1.70141E+038 1.70141E+038 1.70141E+038 1.70141E+038 1.70141E+038 1.70141E+038 1.70141E+038 1.70141E+038 1.70141E+038 1.70141E+038 1.70141E+038 1.70141E+038 1.70141E+038 1.70141E+038 1.70141E+038 1.70141E+038 1.70141E+038 1.70141E+038 1.70141E+038 1.70141E+038 1.70141E+038 1.70141E+038
3.455 1.517 1.515 1.095 1.058 1.033 1.173 1.648 4.028 2.362 1.087 1.072 1.37 0.9318 0.8912 1.24 0.9408 1.123 0.6162 0.9861 1.082 0.8372 1.038 2.194 2.692 4.956 2.442 3.823 3.828 3.605 7.25 8.38 7.554 7.271 8.792 1.70141E+038 1.70141E+038 1.70141E+038 1.70141E+038 1.70141E+038 1.70141E+038 1.70141E+038 1.70141E+038 1.70141E+038 1.70141E+038 1.70141E+038 1.70141E+038 1.70141E+038 1.70141E+038 1.70141E+038 1.70141E+038 1.70141E+038 1.70141E+038 1.70141E+038 1.70141E+038 1.70141E+038 1.70141E+038 1.70141E+038
2.041 0.7659 1.104 0.6044 0.8659 0.6963 1.673 1.465 4.215 1.896 1.617 1.718 1.425 0.4676 0.9832 0.7158 0.853 1.333 0.8787 0.7544 1.184 1.633 1.861 1.907 1.741 3.601 2.278 2.15 3.026 2.783 4.086 4.504 6.196 5.349 6.251 8.054 9.915 10.69 1.70141E+038 1.70141E+038 1.70141E+038 1.70141E+038 1.70141E+038 1.70141E+038 1.70141E+038 1.70141E+038 1.70141E+038 1.70141E+038 1.70141E+038 1.70141E+038 1.70141E+038 1.70141E+038 1.70141E+038 1.70141E+038 1.70141E+038 1.70141E+038 1.70141E+038 1.70141E+038
0.7744 0.7689 0.8447 0.5721 1.215 0.6646 1.371 1.829 3.214 3.501 2.328 1.605 1.782 1.05 1.345 0.4422 0.3782 1.003 1.113 1.053 1.4 1.666 1.35 1.329 1.055 3.053 3.208 1.231 2.456 2.631 2.861 1.621 2.827 4.099 4.476 4.213 4.967 7.226 8.089 8.841 9.373 1.70141E+038 1.70141E+038 1.70141E+038 1.70141E+038 1.70141E+038 1.70141E+038 1.70141E+038 1.70141E+038 1.70141E+038 1.70141E+038 1.70141E+038 1.70141E+038 1.70141E+038 1.70141E+038 1.70141E+038 1.70141E+038 1.70141E+038
1.16 0.6501 0.6444 0.7253 0.928 0.8532 1.521 1.718 0.9642 2.998 2.258 2.206 1.688 0.9031 1.675 1.025 0.8202 1.214 1.127 1.106 1.287 1.209 1.495 0.9749 0.8891 1.249 1.999 1.32 3.05 4.489 2.703 1.547 1.587 2.642 1.638 1.618 2.09 4.039 5.426 5.754 7.08 8.147 10.15 1.70141E+038 1.70141E+038 1.70141E+038 1.70141E+038 1.70141E+038 1.70141E+038 1.70141E+038 1.70141E+038 1.70141E+038 1.70141E+038 1.70141E+038 1.70141E+038 1.70141E+038 1.70141E+038 1.70141E+038
1.255 0.9809 0.7443 0.6682 1.031 1.403 0.8944 1.105 0.7228 1.048 1.55 2.618 2.137 0.9311 1.026 1.35 1.159 0.6408 1.09 1.519 1.692 2.228 2.794 2.375 2.147 1.904 3.093 4.285 3.991 3.754 2.383 1.834 3.455 4.069 2.258 1.692 1.409 1.71 2.328 3.697 5.051 6.379 7.947 1.70141E+038 1.70141E+038 1.70141E+038 1.70141E+038 1.70141E+038 1.70141E+038 1.70141E+038 1.70141E+038 1.70141E+038 1.70141E+038 1.70141E+038 1.70141E+038 1.70141E+038 1.70141E+038 1.70141E+038
0.866 0.9304 0.8375 0.9128 0.9792 0.8097 1.079 1.671 2.289 2.245 1.5 1.767 1.691 1.062 0.4869 1.073 0.8145 1.559 1.366 1.055 1.356 1.071 0.9949 1.643 2.909 3.018 3.28 2.097 2.357 3.53 2.461 2.955 4.389 3.77 3.058 2.932 3.06 3.194 1.372 2.137 2.26 3.6 6.16 8.241 1.70141E+038 1.70141E+038 1.70141E+038 1.70141E+038 1.70141E+038 1.70141E+038 1.70141E+038 1.70141E+038 1.70141E+038 1.70141E+038 1.70141E+038 1.70141E+038 1.70141E+038 1.70141E+038
0.9654 0.8686 1.18 1.254 1.645 1.726 1.954 2.519 3.477 3.749 2.216 0.7236 0.8636 1.816 1.431 0.6483 0.7317 1.373 1.782 1.583 0.6935 0.4222 0.9318 2.011 3.494 4.446 3.795 5.178 5.428 3.198 2.348 3.111 2.498 1.835 0.92 1.732 3.595 3.009 1.238 1.741 2.348 2.116 2.857 6.564 8.531 1.70141E+038 1.70141E+038 1.70141E+038 1.70141E+038 1.70141E+038 1.70141E+038 1.70141E+038 1.70141E+038 1.70141E+038 1.70141E+038 1.70141E+038 1.70141E+038 1.70141E+038
1.459 1.864 2.18 1.803 1.827 2.808 2.137 1.24 1.908 1.954 0.5179 1.65 0.9524 1.816 0.9736 1.635 0.9925 1.02 1.352 1.519 1.53 1.581 1.925 2.206 3.084 3.256 3.891 5.197 5.99 8.407 3.29 3.168 4.058 1.577 1.262 2.033 1.912 3.876 1.191 2.21 3.976 2.281 2.34 4.41 7.747 1.70141E+038 1.70141E+038 1.70141E+038 1.70141E+038 1.70141E+038 1.70141E+038 1.70141E+038 1.70141E+038 1.70141E+038 1.70141E+038 1.70141E+038 1.70141E+038 1.70141E+038
1.363 1.82 1.832 1.313 1.643 2.525 1.621 1.279 1.34 2.046 1.497 2.649 2.161 1.736 0.7398 1.266 1.632 0.7912 0.8885 1.106 1.639 1.991 1.603 1.481 1.655 0.9257 1.962 2.898 2.988 6.906 6.177 4.286 5.523 4.952 3.513 2.508 1.766 3.777 3.779 3.02 4.322 4.28 2.617 2.863 5.719 8.235 1.70141E+038 1.70141E+038 1.70141E+038 1.70141E+038 1.70141E+038 1.70141E+038 1.70141E+038 1.70141E+038 1.70141E+038 1.70141E+038 1.70141E+038 1.70141E+038
1.104 0.9035 1.112 0.8647 1.475 2.028 1.585 0.9455 2.282 0.7316 2.133 3.583 2.395 1.016 0.3585 0.9729 1.469 0.9415 0.7461 1.117 1.419 1.029 0.6946 0.9551 1.152 0.9484 1.434 2.603 2.46 4.252 4.616 4.269 4.575 4.576 3.881 4.493 4.349 4.336 4.767 3.831 4.033 4.681 4.468 3.295 3.756 6.561 1.70141E+038 1.70141E+038 1.70141E+038 1.70141E+038 1.70141E+038 1.70141E+038 1.70141E+038 11.25 7.315 4.964 5.218 6.168
0.798 0.8565 0.9057 0.6666 1.086 1.856 1.372 1.739 1.028 0.9358 1.58 3.636 2.839 0.5725 0.7888 1.203 0.9472 0.7764 0.7413 1.205 1.132 0.9636 0.8535 0.8694 0.7948 1.156 0.7918 1.798 5.091 4.134 3.286 4.54 4.067 3.534 3.137 4.097 4.107 5.024 5.986 4.532 3.853 4.548 4.722 4.775 4.691 5.516 7.434 8.563 1.70141E+038 1.70141E+038 1.70141E+038 7.619 9.723 10.53 4.479 4.696 4.045 4.485
1.547 0.7476 0.3972 0.7138 0.5316 1.955 1.265 1.589 1.273 1.945 2.558 3.9 4.333 2.413 1.805 1.505 0.9791 0.7783 0.8131 1.022 1.075 0.5824 0.6711 0.9679 1.414 1.545 0.906 1.963 3.723 2.61 3.519 4.468 5.046 4.48 3.597 2.586 2.725 4.986 4.85 4.927 4.499 5.37 3.568 3.391 5.528 5.354 6.2 7.048 1.70141E+038 1.70141E+038 8.769 9.322 9.897 10.12 4.958 4.277 2.705 2.575
2.091 1.17 0.5725 0.6683 0.6526 1.214 0.9467 0.9036 1.533 2.464 2.839 3.14 2.65 2.739 3.379 2.207 1.443 0.9665 0.8977 1.087 0.712 0.6654 0.8802 1.075 1.094 1.522 1.633 2.652 4.104 3.668 3.371 2.896 4.547 2.499 2.68 3.704 2.565 4.883 4.675 3.581 3.652 5.288 4.955 2.473 3.975 4.632 5.289 6.083 6.58 7.286 8.51 9.794 10.73 9.084 4.874 3.756 1.943 1.795
2.146 0.9167 0.9658 0.8075 0.4833 1.013 1.196 1.512 1.68 1.692 1.367 1.223 1.856 2.338 2.911 3.593 2.756 1.484 0.8591 0.8609 2.084 1.374 1.828 1.866 1.828 1.468 3.153 2.518 1.695 1.725 2.188 2.552 5.056 4.204 2.288 2.379 3.655 4.232 5.165 3.473 2.508 3.313 5.192 3.762 2.716 2.729 2.877 4.572 5.671 6.205 7.92 9.793 11.37 7.046 3.056 4.063 1.837 2.464
1.405 1.555 1.513 1.479 1.795 2.687 1.764 0.972 1.329 1.906 1.418 1.586 1.689 2.127 2.746 2.899 2.583 2.073 0.7021 1.379 1.365 2.346 2.407 2.494 3.01 2.354 3.108 1.482 0.9846 0.9168 1.006 2.171 2.715 3.877 2.517 1.554 3.601 4.63 5.341 4.162 3.827 3.342 4.97 3.816 3.333 2.948 1.993 2.951 5.191 7.428 8.845 10.08 9.056 3.69 2.377 3.101 1.694 1.845
2.061 1.916 1.351 1.273 1.894 2.087 0.8999 0.8356 1.421 2.25 2.065 1.433 1.413 2.373 2.706 2.622 2.826 2.847 1.983 1.712 2.861 3.056 0.9163 1.669 2.199 2.419 2.434 2.118 1.91 1.08 1.185 1.135 1.966 1.363 1.52 1.108 1.901 3.228 4.484 4.517 5.185 3.93 4.393 2.46 3.182 4.346 3.125 3.048 4.813 7.409 8.78 9.793 10.12 4.515 2.928 2.109 1.472 1.551
1.584 1.366 1.552 1.626 2.557 2.356 1.024 0.987 2.062 2.021 1.815 1.383 2.501 3.266 3.076 3.27 3.249 4.217 3.105 1.681 4.375 1.187 0.6311 0.8213 1.319 2.597 2.59 2.659 1.896 1.119 1.516 1.857 0.7907 1.045 0.5041 0.9124 1.076 3.557 4.339 4.373 4.428 5.544 5.78 3.132 3.009 4.397 4.104 4.331 6.195 7.581 8.159 10.37 6.969 3.147 3.358 1.555 1.063 3.116
1.651 1.878 2.321 2.759 2.816 1.931 1.385 0.8245 0.9145 0.7839 1.008 1.255 1.864 2.093 1.096 1.795 3.428 2.736 2.286 3.484 1.825 1.113 0.9993 0.7411 1.272 2.658 0.891 2.874 2.898 1.307 1.203 2.035 1.68 2.006 0.6764 0.8523 0.7548 1.111 3.798 2.736 2.642 4.107 5.03 4.276 3.52 2.973 5.901 4.27 6.308 7.623 5.579 6.013 4.882 3.757 3.626 1.425 1.33 3.751
2.087 2.116 1.955 1.577 1.727 1.312 1.759 1.282 1.651 1.766 1.192 1.108 0.6959 1.44 1.1 1.366 2.236 0.938 1.215 1.75 0.9902 0.9607 0.9586 0.5872 1.693 0.8457 1.481 2.307 3.237 2.604 2.6 1.346 1.188 2.063 0.893 1.046 1.308 1.28 2.6 2.075 1.895 2.177 2.143 3.87 2.615 2.084 7.042 9.251 7.754 1.885 2.283 1.156 1.336 4.368 2.495 2.294 1.674 2.75
1.157 1.185 1.172 1.063 1.037 0.9296 0.9519 0.7533 0.818 1.284 1.29 1.098 0.8386 1.04 1.15 1.67 2.48 1.026 0.5767 0.7184 0.8332 0.7966 1.229 0.8372 1.661 1.249 1.844 1.366 3.297 2.822 2.721 3.421 2.891 1.582 1.722 2.142 1.748 1.068 1.832 2.866 3.254 3.242 3.157 2.143 1.976 2.605 5.854 10.24 9.431 7.537 3.664 2.294 1.722 3.248 1.652 4.484 4.087 3.817
1.189 1.235 1.019 0.8597 0.9358 0.6792 0.7796 0.8736 1.174 1.084 0.9192 0.5842 0.4239 1.012 0.9754 2.445 2.233 1.238 0.6356 0.7342 0.7376 0.9206 1.045 0.8586 1.28 1.345 1.486 1.256 2.563 3.019 2.81 2.893 3.818 3.542 3.27 3.475 2.646 2.352 2.613 4.292 3.562 1.847 1.72 1.894 2.328 4.504 5.747 10.55 9.504 6.044 2.449 2.921 2.724 1.746 1.294 3.327 5 6.863
1.59 1.364 1.287 0.9022 1.004 0.4628 0.6393 1.065 1.096 1.036 1.082 0.6416 0.6431 1.094 1.19 1.287 2.982 1.248 0.7069 0.3964 0.7213 0.7835 0.9599 1.061 0.7107 1.428 0.8383 1.479 1.913 2.663 0.9638 1.343 1.134 2.226 2.066 2.999 3.954 3.848 4.683 5.977 6.058 4.96 4.821 4.496 4.802 5.776 7.104 7.786 8.742 4.51 4.725 3.423 1.404 1.314 1.318 4.19 3.584 4.933
1.146 1.497 0.8954 0.496 1.147 0.8807 0.7244 0.4936 0.784 0.9162 1.031 0.798 0.7336 0.8101 1.715 3.242 2.891 0.8754 0.6228 0.5527 1.029 0.7914 0.4002 1.176 0.4341 1.495 1.06 0.8914 1.429 2.25 0.7418 0.8264 1.381 0.5785 0.957 0.534 1.652 1.668 3.018 5.237 5.715 4.14 3.986 7.906 9.116 6.64 5.684 8.484 5.379 4.26 7.051 5.515 3.473 3.533 3.639 3.252 1.952 2.951
1.589 1.751 1.696 1.027 0.9307 0.9655 0.5809 0.7775 1.202 1.063 1.138 1.406 1.206 2.235 3.664 3.636 1.933 0.6682 0.8165 0.9347 0.6547 0.4131 0.3562 1.014 0.5095 1.078 0.705 0.5047 0.9587 1.101 1.129 0.9761 0.7277 0.9836 0.9193 0.7297 0.6781 0.9265 2.075 4.55 3.76 3.631 5.72 5.96 2.78 3.069 4.498 8.603 4.933 3.789 5.876 5.073 6.463 8.215 4.292 3.086 1.663 2.936
