data/AtlasDataNEP05_1_1_uni_z50.5.wrm.e_m.ASC
ncols         225 
nrows         153
xllcorner     220 
yllcorner     2800 
cellsize       5
NODATA_value  1.70141e+038
[rows 78 to 103 of 153, columns 58 to 115 of 225]
10.07 7.141 5.532 3.601 1.614 1.133 0.4422 1.341 4.756 12.05 21.89 16.34 16.97 46.94 48.38 32.99 3.696 1.891 1.621 1.272 0.9033 0.2574 0.4382 1.848 0.7461 0.4759 0.4467 1.032 1.029 0.6401 0.6251 5.193 0.8669 1.274 2.817 2.914 1.372 2.373 39.84 103.9 113.2 137.3 119.9 79.64 1.35 28.58 98.71 115.5 168.3 44.93 36.37 28.23 103.6 525.5 764.1 427.6 148.8 21.37
10.88 12.05 7.785 1.153 0.8886 3.431 8.266 6.298 14.93 18.5 13.07 2.312 6.763 15.7 11.53 11.33 1.837 2.489 1.172 0.4498 0.3548 0.1033 0.2264 0.6884 0.6811 0.9802 0.273 0.9732 0.9523 0.1934 0.3862 2.284 0.4654 2.444 1.648 1.119 6.007 13.6 40.63 118.9 140.8 11.96 10.9 8.411 9.818 1.944 34.29 6.122 38.02 51.27 6.588 11.1 17.64 304.3 395.8 160.4 106.7 177.5
11.59 13.13 14.27 10.34 3.431 0.6386 0.5463 6.911 17.37 10.63 3.315 1.194 0.5028 1.078 1.942 18.06 11.24 2.617 1.497 1.238 2.09 0.1158 0.179 0.5013 0.565 2.324 2.441 3.852 10.41 0.7798 0.4215 0.7819 1.136 4.876 5.554 11.29 29.1 60.66 105 126.7 66.05 6.54 0.7462 0.2391 0.13 0.8353 0.4334 1.506 1.105 22.31 2.931 20.54 1.497 256.3 70.35 51.51 59.59 167.9
12.36 10.92 8.171 3.694 2.348 2.802 3.988 14.25 19.15 7.115 2.606 0.6382 0.4246 0.5572 8.927 28.39 4.253 1.744 0.6898 0.8358 2.343 1.183 0.3894 0.8567 1.024 4.478 8.063 17.43 6.351 6.327 1.031 0.9034 2.536 19.49 14.82 37.11 56.17 55 54.92 41.7 34.38 12.88 1.623 0.6089 0.351 0.2527 0.1714 0.508 1.637 0.7465 1.998 17.88 12.31 171.6 4.127 17.93 9.535 29.15
15.76 13.08 9.799 6.465 6.54 9.627 12.91 14.94 7.978 11.55 12.53 8.623 8.349 5.124 3.549 5.461 8.813 2.657 1.69 0.7107 4.532 16.14 4.908 2.765 1.778 8.762 22.31 18.89 2.383 20.56 12.29 4.71 16.88 44.83 38.37 28.49 49.21 65.73 12.24 1.555 4.875 2.32 2.377 1.379 0.2195 0.1117 0.7905 2.247 1.177 0.6032 2.83 1.996 56.09 0.5827 6.832 31.53 10.19 0.941
17.84 15.75 12.94 11.51 14.05 14.27 13.93 19.44 17.29 16.05 21.22 25.49 11.49 4.716 3.802 3.336 6.74 10.63 4.307 9.066 33.2 13.12 6.871 11.49 4.251 18.61 40.71 28.94 6.284 34.55 22.21 37.33 54.23 11.73 5.301 18.53 7.217 6.128 3.153 2.371 4.743 5.507 5.048 2.047 0.396 1.761 1.179 0.2541 0.1166 0.5932 9.301 6.712 1.762 0.5908 0.5751 1.05 0.7912 2.944
19.7 18.01 16.5 18.08 20.09 16.29 15.38 19.79 28.92 31.81 24.87 15.24 15.12 12.09 5.596 4.294 6.065 14.24 39.68 78.27 67.88 5.942 14.99 25.33 34.91 61.53 119.1 76.45 44.53 44.94 8.788 16.72 5.186 1.212 2.859 4.837 28.4 9.471 0.3257 0.6492 0.2037 1.637 3.495 8.673 1.283 0.4829 0.1687 0.2399 0.1529 1.079 2.025 5.983 1.341 2.419 0.5294 0.5152 1.068 2.757
1.70141E+038 1.70141E+038 21.4 25.03 26.79 26.24 26.36 25.03 26.68 31.33 41.66 33 23.77 28.7 32.16 38.41 66.52 59.22 63.6 85.77 42.48 11.31 11.54 23.81 57.44 96.62 67.97 38.59 72.38 28.94 3.734 8.367 1.203 2.687 3.45 13.56 12.57 9.926 2.71 0.4148 0.8072 5.494 0.6166 10.08 3.693 0.5244 0.4456 0.5922 0.2513 1.031 0.8079 2.384 2.241 3.392 0.6125 0.1564 0.5878 0.5066
1.70141E+038 1.70141E+038 24.31 27.07 26.6 26.17 27.39 32.41 39.42 39.81 30.81 19.74 25.94 29.06 22.92 34.55 46.11 26.79 19.37 12.19 5.914 6.471 9.701 27.51 74.19 109.9 76.27 30.36 28.81 22.55 25.09 9.699 0.2365 3.916 4.469 9.699 5.463 6.08 9.005 2.109 0.3685 3.184 0.3118 3.646 7.905 3.757 1.131 1.123 0.7556 1.636 1.448 4.361 4.625 5.194 2.125 0.5031 0.3977 0.3356
1.70141E+038 1.70141E+038 1.70141E+038 25.26 25.25 25.6 27.07 31.97 39.87 39.83 34.31 28.25 22.43 16.44 18.9 23.44 18.39 10.49 13.16 15.15 12.64 19.04 39.94 61.66 78.84 109.4 71.27 42.13 54.14 36.56 22.06 2.546 2.861 3.659 11.8 4.751 2.926 3.192 8.072 7.122 1.193 0.9305 0.3597 2.762 10.65 12.72 4.325 2.115 1.914 1.248 0.96 0.9342 4.742 7.449 0.866 0.4336 0.4944 0.5211
1.70141E+038 1.70141E+038 1.70141E+038 1.70141E+038 26.65 27.57 29.05 31.88 33.75 32.81 34.18 37.27 41.11 33.3 23.42 34.02 33.23 31.77 44.12 42.69 29.93 27.36 35.06 26.86 36.83 41.58 14.66 33.86 74.19 46.87 25.27 6.915 3.354 7.912 8.901 6.776 6.76 10.6 12.36 8.016 3.048 0.7785 0.5194 0.3876 1.457 8.573 9.849 6.71 5.14 1.048 0.3362 0.4979 2.025 5.358 4.803 1.349 0.595 0.904
1.70141E+038 1.70141E+038 1.70141E+038 1.70141E+038 1.70141E+038 30.39 30.22 30.91 32 34.03 38.7 50.7 64.61 50.42 35.64 30.14 19.64 25.95 46.01 66 66.87 56.66 34.13 12.16 4.939 3.23 11.16 45.96 70.41 60.35 51.46 29.97 13.56 10.52 9.266 7.531 9.873 20.96 22.93 4.596 0.6115 0.5738 0.9821 2.743 4.041 6.871 6.73 3.709 4.893 4.377 0.9418 0.7003 3.377 2.562 4.017 3.565 0.5809 0.7277
1.70141E+038 1.70141E+038 1.70141E+038 1.70141E+038 1.70141E+038 1.70141E+038 1.70141E+038 32.26 32.53 35.13 42.5 59.33 66.24 52.14 44.27 34.41 23.56 33.87 58.43 79.57 82.18 74.9 66.4 50.34 34.84 23.93 13.98 20.64 36.28 35.26 51.05 81.58 23.95 6.194 10.34 15 16.98 18.38 13.04 6.357 1.617 1.609 4.4 6.372 3.342 2.965 6.269 5.753 2.038 4.75 2.789 2.365 3.836 3.344 3.194 3.838 1.773 0.5852
1.70141E+038 1.70141E+038 1.70141E+038 1.70141E+038 1.70141E+038 1.70141E+038 1.70141E+038 34.8 35.32 37.92 44.59 52.42 51.32 46.78 53.55 55.16 48.54 47.53 51.53 66.37 104.7 106.9 76.3 60.34 55.69 45.49 28.26 15.71 24.6 59.02 73.59 57.99 44.05 18.64 6.841 9.431 10.16 16.55 16.16 13.57 6.831 5.599 5.942 3.295 2.507 2.974 2.381 6.986 1.233 1.298 1.142 2.717 5.715 5.306 4.182 3.349 2.629 1.154
1.70141E+038 1.70141E+038 1.70141E+038 1.70141E+038 1.70141E+038 1.70141E+038 1.70141E+038 1.70141E+038 1.70141E+038 42.66 44.6 43.84 39.33 42.92 63 68.87 62.29 66.99 77.06 72.5 65.8 74.45 101.5 93.96 78.92 65.78 45.03 24.82 26.19 49.21 81.73 107.2 68.07 23.3 13.98 12.83 12.79 19.55 31.03 30.49 14.1 7.652 6.656 7.422 9.103 7.415 6.507 7.437 4.741 2.1 2.016 3.171 3.63 3.783 3.706 3.834 4.611 3.069
1.70141E+038 1.70141E+038 1.70141E+038 1.70141E+038 1.70141E+038 1.70141E+038 1.70141E+038 1.70141E+038 1.70141E+038 1.70141E+038 47.39 45.36 42.01 44.3 55.65 58.81 56.14 55.41 62 84.2 115.8 117.2 88.39 77.27 99.11 116.1 99.69 68.68 57.24 48.78 43.24 62.54 73.76 33.09 6.689 13.04 14.99 14.99 18.8 23.39 18.21 11.36 7.856 11.13 15.95 14.49 7.15 3.199 4.112 3.455 3.247 3.504 3.208 3.488 2.243 2.874 2.928 3.813
1.70141E+038 1.70141E+038 1.70141E+038 1.70141E+038 1.70141E+038 1.70141E+038 1.70141E+038 1.70141E+038 1.70141E+038 1.70141E+038 1.70141E+038 1.70141E+038 1.70141E+038 51.14 56.05 57.37 63.33 62.85 58.49 70.31 102.3 120 108.4 98.82 99.85 113.1 121.2 95.5 53.88 32.75 44.02 64.67 46.52 11.98 5.66 5.88 5.813 8.897 13.8 30 54.2 16.56 2.634 8.14 15.02 15.54 12.99 10.34 4.728 1.848 1.734 1.678 1.569 1.352 1.282 1.623 1.834 2.773
1.70141E+038 1.70141E+038 1.70141E+038 1.70141E+038 1.70141E+038 1.70141E+038 1.70141E+038 1.70141E+038 1.70141E+038 1.70141E+038 1.70141E+038 1.70141E+038 1.70141E+038 1.70141E+038 58.86 63.02 64.21 59.19 1.70141E+038 51.78 60.41 86.93 108.1 119.6 115.1 108.1 95.42 78.47 64.48 57.81 60.11 64.76 60.57 33.91 15.93 12.19 13.83 10.88 12.19 30.19 34.65 20.04 11.07 9.524 12.66 11.83 9.588 9.02 5.167 5.017 4.997 5.356 2.653 0.9014 0.5667 0.6019 1.149 1.203
1.70141E+038 1.70141E+038 1.70141E+038 1.70141E+038 1.70141E+038 1.70141E+038 1.70141E+038 1.70141E+038 1.70141E+038 1.70141E+038 1.70141E+038 1.70141E+038 1.70141E+038 1.70141E+038 1.70141E+038 62.44 63.14 1.70141E+038 1.70141E+038 1.70141E+038 62.27 63.69 74.54 109.8 122.6 110.2 114 133.5 120.8 108.9 96.5 78.88 57.6 45.41 37.04 24.41 22.54 38.93 52.62 33.99 8.95 3.512 4.755 8.204 24.44 25.79 20.23 8.389 4.874 6.207 5.988 10.6 7.113 2.193 0.9005 1.793 2.798 2.524
1.70141E+038 1.70141E+038 1.70141E+038 1.70141E+038 1.70141E+038 1.70141E+038 1.70141E+038 1.70141E+038 1.70141E+038 1.70141E+038 1.70141E+038 1.70141E+038 1.70141E+038 1.70141E+038 1.70141E+038 1.70141E+038 1.70141E+038 1.70141E+038 1.70141E+038 1.70141E+038 1.70141E+038 1.70141E+038 1.70141E+038 69.69 98.59 147.9 132.8 105.6 89.57 80.47 86.45 100.9 107.7 93.36 72.08 57.38 48.09 25.67 5.875 3.272 3.357 3.294 3.077 5.645 8.38 9.479 10.77 12.03 9.038 7.286 16.58 19.1 15.7 4.897 3.888 5.144 4.343 5.725
1.70141E+038 1.70141E+038 1.70141E+038 1.70141E+038 1.70141E+038 1.70141E+038 1.70141E+038 1.70141E+038 1.70141E+038 1.70141E+038 1.70141E+038 1.70141E+038 1.70141E+038 1.70141E+038 1.70141E+038 1.70141E+038 1.70141E+038 1.70141E+038 1.70141E+038 1.70141E+038 1.70141E+038 1.70141E+038 1.70141E+038 1.70141E+038 86.26 95.92 120.5 129.5 108.4 111 128.3 123.9 111.2 75.83 40.17 19.35 14.59 12.78 12.94 11.65 10.89 10.24 9.183 7.594 6.56 6.212 5.485 4.95 4.217 11.34 24.77 20.27 5.43 4.196 4.386 3.205 2.825 3.965
1.70141E+038 1.70141E+038 1.70141E+038 1.70141E+038 1.70141E+038 1.70141E+038 1.70141E+038 1.70141E+038 1.70141E+038 1.70141E+038 1.70141E+038 1.70141E+038 1.70141E+038 1.70141E+038 1.70141E+038 1.70141E+038 1.70141E+038 1.70141E+038 1.70141E+038 1.70141E+038 1.70141E+038 1.70141E+038 1.70141E+038 1.70141E+038 1.70141E+038 103.2 127 161.3 179 151.4 95.18 58.58 41.08 27.48 19.82 16.69 16.99 17.7 17.26 16.95 17.58 18.71 17.21 14.41 11.25 8.771 6.62 4.621 3.456 5.789 14.41 20.1 9.329 3.077 2.494 3.313 4.411 4.429
1.70141E+038 1.70141E+038 1.70141E+038 1.70141E+038 1.70141E+038 1.70141E+038 1.70141E+038 1.70141E+038 1.70141E+038 1.70141E+038 1.70141E+038 1.70141E+038 1.70141E+038 1.70141E+038 1.70141E+038 1.70141E+038 1.70141E+038 1.70141E+038 1.70141E+038 1.70141E+038 1.70141E+038 1.70141E+038 1.70141E+038 1.70141E+038 1.70141E+038 1.70141E+038 1.70141E+038 1.70141E+038 1.70141E+038 1.70141E+038 1.70141E+038 1.70141E+038 70.58 64.11 54.75 41.91 31 24.41 19.73 16.86 16.28 16.61 17.1 16.38 14.92 12.9 10.58 8.867 7.405 6.327 6.966 13.95 20.81 11.5 3.686 2.328 3.025 3.298
1.70141E+038 1.70141E+038 1.70141E+038 1.70141E+038 1.70141E+038 1.70141E+038 1.70141E+038 1.70141E+038 1.70141E+038 1.70141E+038 1.70141E+038 1.70141E+038 1.70141E+038 1.70141E+038 1.70141E+038 1.70141E+038 1.70141E+038 1.70141E+038 1.70141E+038 1.70141E+038 1.70141E+038 1.70141E+038 1.70141E+038 1.70141E+038 1.70141E+038 1.70141E+038 1.70141E+038 1.70141E+038 1.70141E+038 1.70141E+038 1.70141E+038 1.70141E+038 108.4 99.27 88.92 77.83 64.54 51.24 38.89 28.84 22.09 17.55 14.97 13.99 13.57 13.3 13.05 13.22 13.61 13.14 10.6 8.685 10.66 13.61 13.92 6.768 4.04 4.3
1.70141E+038 1.70141E+038 1.70141E+038 1.70141E+038 1.70141E+038 1.70141E+038 1.70141E+038 1.70141E+038 1.70141E+038 1.70141E+038 1.70141E+038 1.70141E+038 1.70141E+038 1.70141E+038 1.70141E+038 1.70141E+038 1.70141E+038 1.70141E+038 1.70141E+038 1.70141E+038 1.70141E+038 1.70141E+038 1.70141E+038 1.70141E+038 1.70141E+038 1.70141E+038 1.70141E+038 1.70141E+038 1.70141E+038 1.70141E+038 1.70141E+038 1.70141E+038 117.9 113.8 107.1 99.67 90.78 78.95 64.59 51.49 40.36 29.93 22.29 17.61 15.16 14.24 14 14.15 14.3 13.5 11.25 8.456 6.952 8.891 13.27 13 5.539 4.504
1.70141E+038 1.70141E+038 1.70141E+038 1.70141E+038 1.70141E+038 1.70141E+038 1.70141E+038 1.70141E+038 1.70141E+038 1.70141E+038 1.70141E+038 1.70141E+038 1.70141E+038 1.70141E+038 1.70141E+038 1.70141E+038 1.70141E+038 1.70141E+038 1.70141E+038 1.70141E+038 1.70141E+038 1.70141E+038 1.70141E+038 1.70141E+038 1.70141E+038 1.70141E+038 1.70141E+038 1.70141E+038 1.70141E+038 1.70141E+038 1.70141E+038 1.70141E+038 1.70141E+038 107.8 105 101.9 96.92 88.59 77.56 67.04 56.85 46.64 36.83 28.35 22.33 18.79 16.87 15.74 14.58 12.87 10.67 8.3 6.446 5.859 7.443 12.54 8.065 3.6
