data/AtlasDataNEP05_1_1_uni_z50.5.wrm.u_m.ASC
ncols         225 
nrows         153
xllcorner     220 
yllcorner     2800 
cellsize       5
NODATA_value  1.70141e+038
[rows 104 to 129 of 153, columns 116 to 173 of 225]
2.164 2.255 1.70141E+038 2.456 2.418 2.055 1.589 1.628 1.976 2.515 2.931 3.008 2.86 2.695 2.834 3.245 3.501 3.709 4.188 4.032 3.713 3.607 3.421 2.561 1.695 1.398 1.154 1.004 0.8916 0.9834 0.8465 0.8493 1.162 1.959 2.547 3.218 2.933 2.278 1.679 0.6986 0.6221 1.565 2.184 0.7174 1.324 1.778 3.979 1.498 2.018 0.9386 1.617 1.232 0.905 0.5498 0.6478 0.9519 0.4403 2.687
1.70141E+038 1.70141E+038 1.70141E+038 1.70141E+038 1.70141E+038 2.355 2.61 2.715 2.914 3.022 3.005 2.709 2.484 2.434 2.621 2.73 2.881 3.524 4.311 4.616 4.647 4.324 3.544 2.194 1.723 1.612 1.463 1.401 1.211 1.246 1.229 1.063 0.7985 1.116 1.389 2.368 3.148 2.897 1.587 1.233 1.385 1.919 2.393 0.9786 0.9318 1.64 3.206 1.411 0.9747 1.505 0.6384 0.7328 1.142 0.7642 0.614 0.6798 0.8639 0.816
1.70141E+038 1.70141E+038 1.70141E+038 1.70141E+038 1.70141E+038 1.70141E+038 3.025 2.917 2.696 2.605 2.396 2.138 2.075 2.079 2.262 2.532 2.973 3.53 4.066 4.384 4.354 3.917 3.196 2.239 1.884 1.681 1.129 1.098 1.257 1.328 1.621 1.422 1.175 1.23 2.021 1.976 1.212 1.713 2.311 1.341 1.513 1.77 2.504 1.198 1.141 1.823 3.134 1.597 1.265 1.806 0.8128 0.7641 1.003 0.7086 0.8395 0.7732 0.912 2.457
1.70141E+038 1.70141E+038 1.70141E+038 1.70141E+038 1.70141E+038 1.70141E+038 1.70141E+038 1.70141E+038 1.70141E+038 1.70141E+038 1.70141E+038 1.70141E+038 2.384 2.431 2.472 2.65 3.003 3.395 3.661 3.757 3.593 3.548 3.451 2.913 2.636 2.579 2.171 1.562 1.463 1.643 1.75 1.701 1.661 1.677 1.728 1.361 1.051 1.245 1.769 2.893 3.133 2.613 2.087 1.763 2.197 2.685 2.062 1.66 1.209 1.084 1.045 1.315 1.254 1.02 1.035 1.288 0.8447 1.96
1.70141E+038 1.70141E+038 1.70141E+038 1.70141E+038 1.70141E+038 1.70141E+038 1.70141E+038 1.70141E+038 1.70141E+038 1.70141E+038 1.70141E+038 1.70141E+038 1.70141E+038 2.856 2.82 2.835 2.967 3.182 3.4 3.493 3.374 3.087 2.809 2.988 3.482 3.507 3.006 1.746 1.287 1.334 1.287 1.342 1.423 1.361 1.268 1.184 1.178 1.514 1.811 2.214 2.486 2.742 2.965 2.66 3.364 3.989 1.853 1.716 1.574 1.38 1.865 1.512 1.8 1.327 1.116 1.558 1.532 1.503
1.70141E+038 1.70141E+038 1.70141E+038 1.70141E+038 1.70141E+038 1.70141E+038 1.70141E+038 1.70141E+038 1.70141E+038 1.70141E+038 1.70141E+038 1.70141E+038 1.70141E+038 3.135 3.181 3.18 3.207 3.344 3.501 3.603 3.692 3.79 3.827 3.644 3.254 2.875 2.889 3.101 2.762 1.595 1.119 1.009 0.996 1.011 1.26 2.049 2.493 2.447 2.73 2.859 2.522 2.441 2.023 1.897 3.244 3.85 1.675 1.28 1.126 1.895 1.896 1.773 2.129 1.58 1.114 1.523 1.359 3.802
1.70141E+038 1.70141E+038 1.70141E+038 1.70141E+038 1.70141E+038 1.70141E+038 1.70141E+038 1.70141E+038 1.70141E+038 1.70141E+038 1.70141E+038 1.70141E+038 1.70141E+038 3.216 3.313 3.372 3.413 3.498 3.595 3.679 3.808 3.95 3.986 3.998 4.006 3.853 3.502 2.966 2.372 2.283 2.609 2.522 2.237 2.169 2.262 2.45 2.699 2.861 2.81 2.988 2.626 2.201 1.761 2.375 3.617 4.363 3.325 1.189 1.335 1.226 2.34 2.971 2.595 2.084 1.992 1.812 2.803 3.218
1.70141E+038 1.70141E+038 1.70141E+038 1.70141E+038 1.70141E+038 1.70141E+038 1.70141E+038 1.70141E+038 1.70141E+038 1.70141E+038 1.70141E+038 1.70141E+038 1.70141E+038 3.233 3.353 3.45 3.529 3.609 3.674 3.773 3.936 4.074 4.146 4.181 4.237 4.149 3.986 3.942 3.728 3.345 2.955 2.471 2.166 2.277 2.575 2.91 3.198 3.268 2.935 2.676 2.623 3.127 3.195 3.083 3.135 2.549 1.324 1.526 1.877 1.603 2.121 3.263 4.062 2.194 2.306 1.702 1.279 1.576
1.70141E+038 1.70141E+038 1.70141E+038 1.70141E+038 1.70141E+038 1.70141E+038 1.70141E+038 1.70141E+038 1.70141E+038 1.70141E+038 1.70141E+038 1.70141E+038 3.07 3.2 3.32 3.435 3.537 3.617 3.669 3.768 3.944 4.05 4.082 4.159 4.243 4.253 4.2 4.093 3.896 3.719 3.569 3.334 3.151 3.089 3.058 3.02 3.084 3.15 3.366 3.788 3.623 3.238 2.71 2.242 2.187 2.144 1.413 1.098 1.136 1.246 1.503 3.974 3.103 1.45 2.032 1.49 1.484 1.803
1.70141E+038 1.70141E+038 1.70141E+038 1.70141E+038 1.70141E+038 1.70141E+038 1.70141E+038 1.70141E+038 1.70141E+038 1.70141E+038 1.70141E+038 1.70141E+038 3.071 3.185 3.297 3.416 3.527 3.625 3.702 3.819 3.98 4.051 4.072 4.146 4.22 4.245 4.244 4.232 4.183 4.083 3.922 3.703 3.529 3.431 3.356 3.258 3.208 3.225 3.448 3.687 3.642 3.513 3.391 3.172 2.579 1.915 1.722 1.278 1.058 1.241 2.298 5.143 3.93 2.193 2.251 2.119 3.134 2.255
1.70141E+038 1.70141E+038 1.70141E+038 1.70141E+038 1.70141E+038 1.70141E+038 1.70141E+038 1.70141E+038 1.70141E+038 1.70141E+038 1.70141E+038 1.70141E+038 1.70141E+038 1.70141E+038 1.70141E+038 1.70141E+038 3.484 3.582 3.662 3.783 3.937 4.021 4.061 4.109 4.154 4.194 4.221 4.236 4.229 4.205 4.165 4.085 3.96 3.825 3.699 3.58 3.531 3.543 3.64 3.739 3.772 3.747 3.533 3.283 3.2 3.167 3.089 2.71 2.586 2.873 4.291 4.861 4.012 3.581 2.458 2.697 1.888 1.461
1.70141E+038 1.70141E+038 1.70141E+038 1.70141E+038 1.70141E+038 1.70141E+038 1.70141E+038 1.70141E+038 1.70141E+038 1.70141E+038 1.70141E+038 1.70141E+038 1.70141E+038 1.70141E+038 1.70141E+038 1.70141E+038 1.70141E+038 1.70141E+038 1.70141E+038 3.745 3.881 3.963 4.012 4.072 4.14 4.191 4.223 4.243 4.255 4.267 4.27 4.247 4.17 4.048 3.915 3.804 3.748 3.731 3.77 3.805 3.757 3.544 3.287 3.34 3.609 3.979 4.242 4.254 4.157 4.232 4.727 4.335 3.77 3.113 2.414 2.401 1.846 2.156
1.70141E+038 1.70141E+038 1.70141E+038 1.70141E+038 1.70141E+038 1.70141E+038 1.70141E+038 1.70141E+038 1.70141E+038 1.70141E+038 1.70141E+038 1.70141E+038 1.70141E+038 1.70141E+038 1.70141E+038 1.70141E+038 1.70141E+038 1.70141E+038 1.70141E+038 3.706 3.798 3.87 3.946 4.026 4.1 4.159 4.207 4.239 4.268 4.299 4.327 4.345 4.313 4.223 4.126 4.045 3.975 3.924 3.914 3.914 3.861 3.77 3.675 3.79 4.102 4.213 4.273 4.46 4.519 4.339 4.294 4.038 3.636 3.574 3.528 2.992 2.155 1.928
1.70141E+038 1.70141E+038 1.70141E+038 1.70141E+038 1.70141E+038 1.70141E+038 1.70141E+038 1.70141E+038 1.70141E+038 1.70141E+038 1.70141E+038 1.70141E+038 1.70141E+038 1.70141E+038 1.70141E+038 1.70141E+038 1.70141E+038 1.70141E+038 1.70141E+038 1.70141E+038 3.74 3.817 1.70141E+038 3.992 4.063 4.116 4.166 4.219 4.269 4.318 4.362 4.381 1.70141E+038 4.297 4.242 4.179 4.119 4.071 4.055 4.018 3.898 3.8 3.748 3.79 3.897 4.036 4.215 4.329 4.326 4.178 4.186 4.429 4.618 4.429 4.031 3.629 2.967 2.313
1.70141E+038 1.70141E+038 1.70141E+038 1.70141E+038 1.70141E+038 1.70141E+038 1.70141E+038 1.70141E+038 1.70141E+038 1.70141E+038 1.70141E+038 1.70141E+038 1.70141E+038 1.70141E+038 1.70141E+038 1.70141E+038 1.70141E+038 1.70141E+038 1.70141E+038 1.70141E+038 1.70141E+038 1.70141E+038 1.70141E+038 3.941 4.006 4.069 4.126 4.183 4.231 4.283 1.70141E+038 1.70141E+038 1.70141E+038 1.70141E+038 4.351 4.315 4.268 4.217 4.177 4.133 4.084 4.054 4.004 3.972 4.006 4.059 4.117 4.178 4.184 4.033 3.924 4.186 4.58 4.747 4.649 4.513 4.352 3.948
1.70141E+038 1.70141E+038 1.70141E+038 1.70141E+038 1.70141E+038 1.70141E+038 1.70141E+038 1.70141E+038 1.70141E+038 1.70141E+038 1.70141E+038 1.70141E+038 1.70141E+038 1.70141E+038 1.70141E+038 1.70141E+038 1.70141E+038 1.70141E+038 1.70141E+038 1.70141E+038 1.70141E+038 1.70141E+038 1.70141E+038 1.70141E+038 3.95 4.018 4.089 4.155 1.70141E+038 1.70141E+038 1.70141E+038 1.70141E+038 1.70141E+038 1.70141E+038 4.379 4.359 4.333 4.3 4.253 4.227 4.233 4.225 4.187 4.147 4.131 4.123 4.115 4.095 4.058 3.935 3.934 4.349 4.867 5.042 4.98 4.896 4.859 4.556
1.70141E+038 1.70141E+038 1.70141E+038 1.70141E+038 1.70141E+038 1.70141E+038 1.70141E+038 1.70141E+038 1.70141E+038 1.70141E+038 1.70141E+038 1.70141E+038 1.70141E+038 1.70141E+038 1.70141E+038 1.70141E+038 1.70141E+038 1.70141E+038 1.70141E+038 1.70141E+038 1.70141E+038 1.70141E+038 1.70141E+038 1.70141E+038 1.70141E+038 1.70141E+038 1.70141E+038 1.70141E+038 1.70141E+038 1.70141E+038 1.70141E+038 1.70141E+038 1.70141E+038 1.70141E+038 4.395 4.414 4.403 4.369 4.347 4.336 4.312 4.291 4.283 4.264 4.254 4.236 4.23 4.244 4.28 4.293 4.312 4.415 4.518 4.636 4.766 4.807 4.606 4.337
1.70141E+038 1.70141E+038 1.70141E+038 1.70141E+038 1.70141E+038 1.70141E+038 1.70141E+038 1.70141E+038 1.70141E+038 1.70141E+038 1.70141E+038 1.70141E+038 1.70141E+038 1.70141E+038 1.70141E+038 1.70141E+038 1.70141E+038 1.70141E+038 1.70141E+038 1.70141E+038 1.70141E+038 1.70141E+038 1.70141E+038 1.70141E+038 1.70141E+038 1.70141E+038 1.70141E+038 1.70141E+038 1.70141E+038 1.70141E+038 1.70141E+038 1.70141E+038 1.70141E+038 1.70141E+038 4.373 4.398 4.405 4.385 4.36 4.344 1.70141E+038 4.324 4.312 4.305 4.292 4.284 4.287 4.296 4.322 4.358 4.414 4.491 4.533 4.517 4.503 4.477 4.435 4.409
1.70141E+038 1.70141E+038 1.70141E+038 1.70141E+038 1.70141E+038 1.70141E+038 1.70141E+038 1.70141E+038 1.70141E+038 1.70141E+038 1.70141E+038 1.70141E+038 1.70141E+038 1.70141E+038 1.70141E+038 1.70141E+038 1.70141E+038 1.70141E+038 1.70141E+038 1.70141E+038 1.70141E+038 1.70141E+038 1.70141E+038 1.70141E+038 1.70141E+038 1.70141E+038 1.70141E+038 1.70141E+038 1.70141E+038 1.70141E+038 1.70141E+038 1.70141E+038 1.70141E+038 1.70141E+038 1.70141E+038 1.70141E+038 4.363 4.377 4.371 1.70141E+038 1.70141E+038 1.70141E+038 1.70141E+038 1.70141E+038 4.329 1.70141E+038 1.70141E+038 4.37 4.397 4.435 4.468 4.492 4.489 4.451 4.445 4.459 4.452 4.448
1.70141E+038 1.70141E+038 1.70141E+038 1.70141E+038 1.70141E+038 1.70141E+038 1.70141E+038 1.70141E+038 1.70141E+038 1.70141E+038 1.70141E+038 1.70141E+038 1.70141E+038 1.70141E+038 1.70141E+038 1.70141E+038 1.70141E+038 1.70141E+038 1.70141E+038 1.70141E+038 1.70141E+038 1.70141E+038 1.70141E+038 1.70141E+038 1.70141E+038 1.70141E+038 1.70141E+038 1.70141E+038 1.70141E+038 1.70141E+038 1.70141E+038 1.70141E+038 1.70141E+038 1.70141E+038 1.70141E+038 1.70141E+038 1.70141E+038 1.70141E+038 1.70141E+038 1.70141E+038 1.70141E+038 1.70141E+038 1.70141E+038 1.70141E+038 1.70141E+038 1.70141E+038 1.70141E+038 1.70141E+038 1.70141E+038 1.70141E+038 4.527 4.541 4.538 4.511 4.494 4.493 4.507 4.524
1.70141E+038 1.70141E+038 1.70141E+038 1.70141E+038 1.70141E+038 1.70141E+038 1.70141E+038 1.70141E+038 1.70141E+038 1.70141E+038 1.70141E+038 1.70141E+038 1.70141E+038 1.70141E+038 1.70141E+038 1.70141E+038 1.70141E+038 1.70141E+038 1.70141E+038 1.70141E+038 1.70141E+038 1.70141E+038 1.70141E+038 1.70141E+038 1.70141E+038 1.70141E+038 1.70141E+038 1.70141E+038 1.70141E+038 1.70141E+038 1.70141E+038 1.70141E+038 1.70141E+038 1.70141E+038 1.70141E+038 1.70141E+038 1.70141E+038 1.70141E+038 1.70141E+038 1.70141E+038 1.70141E+038 1.70141E+038 1.70141E+038 1.70141E+038 1.70141E+038 1.70141E+038 1.70141E+038 1.70141E+038 1.70141E+038 1.70141E+038 1.70141E+038 4.521 4.528 4.512 4.494 4.494 4.5 4.511
1.70141E+038 1.70141E+038 1.70141E+038 1.70141E+038 1.70141E+038 1.70141E+038 1.70141E+038 1.70141E+038 1.70141E+038 1.70141E+038 1.70141E+038 1.70141E+038 1.70141E+038 1.70141E+038 1.70141E+038 1.70141E+038 1.70141E+038 1.70141E+038 1.70141E+038 1.70141E+038 1.70141E+038 1.70141E+038 1.70141E+038 1.70141E+038 1.70141E+038 1.70141E+038 1.70141E+038 1.70141E+038 1.70141E+038 1.70141E+038 1.70141E+038 1.70141E+038 1.70141E+038 1.70141E+038 1.70141E+038 1.70141E+038 1.70141E+038 1.70141E+038 1.70141E+038 1.70141E+038 1.70141E+038 1.70141E+038 1.70141E+038 1.70141E+038 1.70141E+038 1.70141E+038 1.70141E+038 1.70141E+038 1.70141E+038 1.70141E+038 1.70141E+038 1.70141E+038 1.70141E+038 1.70141E+038 4.533 4.611 1.70141E+038 1.70141E+038
1.70141E+038 1.70141E+038 1.70141E+038 1.70141E+038 1.70141E+038 1.70141E+038 1.70141E+038 1.70141E+038 1.70141E+038 1.70141E+038 1.70141E+038 1.70141E+038 1.70141E+038 1.70141E+038 1.70141E+038 1.70141E+038 1.70141E+038 1.70141E+038 1.70141E+038 1.70141E+038 1.70141E+038 1.70141E+038 1.70141E+038 1.70141E+038 1.70141E+038 1.70141E+038 1.70141E+038 1.70141E+038 1.70141E+038 1.70141E+038 1.70141E+038 1.70141E+038 1.70141E+038 1.70141E+038 1.70141E+038 1.70141E+038 1.70141E+038 1.70141E+038 1.70141E+038 1.70141E+038 1.70141E+038 1.70141E+038 1.70141E+038 1.70141E+038 1.70141E+038 1.70141E+038 1.70141E+038 1.70141E+038 1.70141E+038 1.70141E+038 1.70141E+038 1.70141E+038 1.70141E+038 1.70141E+038 1.70141E+038 1.70141E+038 1.70141E+038 1.70141E+038
1.70141E+038 1.70141E+038 1.70141E+038 1.70141E+038 1.70141E+038 1.70141E+038 1.70141E+038 1.70141E+038 1.70141E+038 1.70141E+038 1.70141E+038 1.70141E+038 1.70141E+038 1.70141E+038 1.70141E+038 1.70141E+038 1.70141E+038 1.70141E+038 1.70141E+038 1.70141E+038 1.70141E+038 1.70141E+038 1.70141E+038 1.70141E+038 1.70141E+038 1.70141E+038 1.70141E+038 1.70141E+038 1.70141E+038 1.70141E+038 1.70141E+038 1.70141E+038 1.70141E+038 1.70141E+038 1.70141E+038 1.70141E+038 1.70141E+038 1.70141E+038 1.70141E+038 1.70141E+038 1.70141E+038 1.70141E+038 1.70141E+038 1.70141E+038 1.70141E+038 1.70141E+038 1.70141E+038 1.70141E+038 1.70141E+038 1.70141E+038 1.70141E+038 1.70141E+038 1.70141E+038 1.70141E+038 1.70141E+038 1.70141E+038 1.70141E+038 1.70141E+038
1.70141E+038 1.70141E+038 1.70141E+038 1.70141E+038 1.70141E+038 1.70141E+038 1.70141E+038 1.70141E+038 1.70141E+038 1.70141E+038 1.70141E+038 1.70141E+038 1.70141E+038 1.70141E+038 1.70141E+038 1.70141E+038 1.70141E+038 1.70141E+038 1.70141E+038 1.70141E+038 1.70141E+038 1.70141E+038 1.70141E+038 1.70141E+038 1.70141E+038 1.70141E+038 1.70141E+038 1.70141E+038 1.70141E+038 1.70141E+038 1.70141E+038 1.70141E+038 1.70141E+038 1.70141E+038 1.70141E+038 1.70141E+038 1.70141E+038 1.70141E+038 1.70141E+038 1.70141E+038 1.70141E+038 1.70141E+038 1.70141E+038 1.70141E+038 1.70141E+038 1.70141E+038 1.70141E+038 1.70141E+038 1.70141E+038 1.70141E+038 1.70141E+038 1.70141E+038 1.70141E+038 1.70141E+038 1.70141E+038 1.70141E+038 1.70141E+038 1.70141E+038
1.70141E+038 1.70141E+038 1.70141E+038 1.70141E+038 1.70141E+038 1.70141E+038 1.70141E+038 1.70141E+038 1.70141E+038 1.70141E+038 1.70141E+038 1.70141E+038 1.70141E+038 1.70141E+038 1.70141E+038 1.70141E+038 1.70141E+038 1.70141E+038 1.70141E+038 1.70141E+038 1.70141E+038 1.70141E+038 1.70141E+038 1.70141E+038 1.70141E+038 1.70141E+038 1.70141E+038 1.70141E+038 1.70141E+038 1.70141E+038 1.70141E+038 1.70141E+038 1.70141E+038 1.70141E+038 1.70141E+038 1.70141E+038 1.70141E+038 1.70141E+038 1.70141E+038 1.70141E+038 1.70141E+038 1.70141E+038 1.70141E+038 1.70141E+038 1.70141E+038 1.70141E+038 1.70141E+038 1.70141E+038 1.70141E+038 1.70141E+038 1.70141E+038 1.70141E+038 1.70141E+038 1.70141E+038 1.70141E+038 1.70141E+038 1.70141E+038 1.70141E+038
