data/AtlasDataNEP05_1_1_uni_z50.5.wrm.u_m.ASC
ncols         225 
nrows         153
xllcorner     220 
yllcorner     2800 
cellsize       5
NODATA_value  1.70141e+038
[rows 78 to 103 of 153, columns 58 to 115 of 225]
2.217 2.061 1.884 1.474 0.8976 0.904 0.6212 1.076 1.72 2.405 2.727 2.351 2.457 3.515 3.415 2.888 1.147 1.018 1.014 0.9394 0.8248 0.4203 0.7353 1.208 0.7971 0.6556 0.7318 1.031 0.9599 0.4921 0.5527 1.656 0.8131 0.844 1.318 1.297 1.018 1.077 2.801 4.068 4.119 3.646 2.728 2.698 1.026 2.407 4.44 3.841 4.786 3.606 2.686 2.188 4.065 7.391 7.785 5.888 3.838 2.432
2.298 2.431 2.1 0.8347 0.7342 1.566 1.966 1.945 2.685 2.813 2.298 1.032 1.751 2.359 1.987 1.918 0.958 1.222 0.801 0.6642 0.6282 0.3756 0.5431 0.6714 0.7959 0.806 0.5175 0.9451 1.025 0.5355 0.6326 1.239 0.7119 1.113 1.064 0.8417 1.239 1.565 3.024 4.356 4.045 1.378 1.756 1.713 1.798 0.7258 3.082 1.643 2.455 3.728 1.584 1.937 2.42 5.46 6.267 4.597 4.07 4.776
2.442 2.563 2.626 2.302 1.503 0.7577 0.6171 1.99 2.751 2.112 1.276 0.8414 0.5677 0.9093 0.8451 2.367 1.957 1.205 0.8942 1.048 1.218 0.3858 0.5342 0.5811 0.8225 1.251 1.173 1.494 2.132 0.8207 0.7428 0.8389 0.9339 1.449 1.404 1.851 2.821 3.502 4.249 4.297 3.065 1.291 0.8654 0.5918 0.3991 0.5616 0.6859 1 0.9242 2.795 1.185 2.607 1.001 5.842 2.745 3.326 3.87 5.176
2.476 2.351 2.065 1.453 1.157 1.213 1.483 2.689 2.697 1.736 1.104 0.7215 0.6594 0.6292 1.877 2.734 1.39 1.153 0.5697 0.8064 1.266 0.9453 0.5177 0.9723 0.8662 1.167 1.704 2.601 1.749 1.754 1.053 0.8923 1.004 2.524 2.021 3.054 3.567 3.328 3.211 2.753 2.337 1.798 0.9133 0.7633 0.5844 0.4744 0.5166 0.7513 1.069 0.7514 1.095 2.629 1.948 4.633 1.216 2.686 1.709 2.333
2.733 2.55 2.285 1.94 1.936 2.278 2.589 2.766 2.146 2.413 2.378 2.135 2.161 1.689 1.144 1.29 1.903 1.255 0.9697 0.6782 1.391 2.597 1.764 1.501 0.951 1.569 2.778 2.582 1.323 2.471 2.258 1.399 2.422 3.213 3.036 2.912 3.458 3.517 1.582 0.8466 1.047 1.054 1.285 0.972 0.5123 0.4164 0.8398 1.264 0.9325 0.7279 1.139 1.12 3.352 0.6626 1.461 3.082 2.102 0.8366
2.866 2.738 2.551 2.43 2.639 2.694 2.697 3.037 2.886 2.801 3.036 3.104 2.265 1.47 1.531 1.015 1.793 2.255 1.525 1.77 3.258 2.302 1.924 2.333 1.537 2.453 3.267 2.901 1.872 2.796 2.4 3.127 3.508 1.772 1.257 1.935 1.394 1.599 1.416 1.259 1.714 1.73 1.429 0.9945 0.5764 1.048 0.9007 0.5178 0.3973 0.7621 1.713 1.677 0.9399 0.8594 0.6789 0.7423 0.8161 1.391
2.978 2.879 2.781 2.851 2.976 2.778 2.759 3.024 3.438 3.546 3.241 2.701 2.681 2.326 1.499 1.753 1.987 2.586 3.262 4.171 3.906 1.778 2.443 2.882 3.126 3.741 4.494 3.711 3.367 2.914 1.654 2.127 1.641 1.054 1.334 0.8927 2.21 1.549 0.6552 0.6775 0.4079 0.8944 1.106 1.527 0.8146 0.7216 0.4751 0.5799 0.4405 0.9318 1.039 1.692 0.9105 1.164 0.7163 0.7045 0.9363 1.197
1.70141E+038 1.70141E+038 3.066 3.246 3.335 3.308 3.317 3.264 3.329 3.533 3.891 3.536 3.144 3.392 3.495 3.769 4.409 3.936 3.931 4.187 3.272 2.204 2.265 2.902 3.871 4.424 3.737 2.967 3.59 2.222 1.174 1.668 0.9493 1.289 1.269 2.057 1.959 1.697 1.033 0.6343 0.7205 1.508 0.7071 1.546 1.14 0.7427 0.5841 0.7662 0.564 0.8467 0.6237 0.9778 1.255 1.467 0.7959 0.4939 0.7435 0.6768
1.70141E+038 1.70141E+038 3.216 3.348 3.332 3.315 3.369 3.578 3.835 3.805 3.431 2.943 3.248 3.361 3.078 3.627 3.849 2.91 2.46 2.002 1.624 1.92 2.267 3.157 4.412 4.89 4.036 2.824 2.645 2.236 2.227 1.495 0.5089 1.337 1.113 1.732 1.201 1.212 1.273 0.8975 0.5887 1.242 0.4639 0.7769 1.16 1.328 0.91 0.8209 0.8661 0.9559 0.9692 1.471 1.626 1.761 1.281 0.7724 0.6388 0.5379
1.70141E+038 1.70141E+038 1.70141E+038 3.268 3.265 3.283 3.351 3.56 3.841 3.827 3.626 3.38 3.091 2.769 2.866 3.138 2.826 2.115 2.26 2.457 2.367 2.932 3.686 4.066 4.278 4.733 4.07 3.422 3.558 2.747 2.102 0.9788 1.396 1.221 1.896 1.271 1.256 1.167 1.72 1.328 0.7172 0.7511 0.4439 0.8184 1.722 2.08 1.504 1.192 1.216 0.9263 0.8295 0.7264 1.411 1.756 0.8971 0.7146 0.6636 0.595
1.70141E+038 1.70141E+038 1.70141E+038 1.70141E+038 3.329 3.373 3.439 3.553 3.614 3.574 3.622 3.734 3.859 3.568 3.158 3.595 3.576 3.515 3.913 3.854 3.357 3.283 3.432 2.932 3.044 2.983 2.109 2.94 4.012 3.153 2.18 1.465 1.295 1.419 1.889 1.713 1.798 2.047 1.971 1.691 1.354 0.7949 0.7039 0.664 0.8444 1.608 1.52 1.599 1.709 0.6716 0.4728 0.4982 1.167 1.64 1.661 1.108 0.6299 0.7154
1.70141E+038 1.70141E+038 1.70141E+038 1.70141E+038 1.70141E+038 3.487 3.488 3.52 3.559 3.628 3.786 4.158 4.477 4.076 3.626 3.377 2.91 3.238 3.995 4.503 4.453 4.103 3.258 2.129 1.497 1.206 1.862 3.55 4.185 3.886 3.456 2.456 2.076 2.011 1.887 1.808 1.961 2.417 2.627 1.507 0.6699 0.6413 0.7198 1.084 1.406 1.313 1.518 1.34 1.603 1.485 0.8284 0.8393 1.462 1.196 1.603 1.593 0.7136 0.749
1.70141E+038 1.70141E+038 1.70141E+038 1.70141E+038 1.70141E+038 1.70141E+038 1.70141E+038 3.569 3.582 3.675 3.924 4.384 4.498 4.147 3.941 3.604 3.147 3.561 4.315 4.753 4.726 4.496 4.149 3.614 3.067 2.592 2.192 2.609 3.3 3.329 3.707 4.006 2.224 1.71 1.876 2.23 2.197 2.199 2.052 1.768 1.01 0.9096 1.227 1.554 1.427 1.357 1.556 1.399 0.9382 1.523 1.274 1.253 1.625 1.355 1.439 1.558 1.161 0.7685
1.70141E+038 1.70141E+038 1.70141E+038 1.70141E+038 1.70141E+038 1.70141E+038 1.70141E+038 3.653 3.681 3.779 3.992 4.182 4.123 4.02 4.226 4.268 4.083 4.037 4.13 4.51 5.213 5.056 4.379 3.961 3.729 3.363 2.785 2.358 2.846 3.974 4.115 3.509 2.879 2.07 1.646 1.839 1.964 2.442 2.163 2.016 1.664 1.668 1.566 1.312 1.179 1.334 0.8491 1.45 0.6168 0.9639 0.9411 1.302 1.754 1.705 1.617 1.398 1.309 1.075
1.70141E+038 1.70141E+038 1.70141E+038 1.70141E+038 1.70141E+038 1.70141E+038 1.70141E+038 1.70141E+038 1.70141E+038 3.927 3.989 3.937 3.773 3.9 4.454 4.571 4.425 4.55 4.764 4.634 4.45 4.623 5.052 4.828 4.452 4.029 3.484 2.929 3.093 3.812 4.525 4.618 3.463 2.305 1.98 2.09 2.049 2.383 2.516 2.707 2.322 1.927 1.853 1.729 1.918 1.719 1.775 1.885 1.461 1.29 1.231 1.33 1.379 1.4 1.428 1.444 1.486 1.455
1.70141E+038 1.70141E+038 1.70141E+038 1.70141E+038 1.70141E+038 1.70141E+038 1.70141E+038 1.70141E+038 1.70141E+038 1.70141E+038 4.071 4.01 3.899 3.961 4.242 4.289 4.226 4.224 4.421 4.922 5.443 5.333 4.772 4.588 5.014 5.188 4.793 4.161 3.892 3.561 3.426 3.944 4.01 2.773 1.635 2.325 2.152 2.233 2.336 2.799 2.599 2.259 1.829 2.08 2.355 2.287 1.811 1.381 1.617 1.593 1.545 1.589 1.429 1.408 1.181 1.299 1.31 1.488
1.70141E+038 1.70141E+038 1.70141E+038 1.70141E+038 1.70141E+038 1.70141E+038 1.70141E+038 1.70141E+038 1.70141E+038 1.70141E+038 1.70141E+038 1.70141E+038 1.70141E+038 4.182 4.294 4.3 4.417 4.375 4.271 4.582 5.211 5.428 5.202 5.028 5.02 5.186 5.187 4.64 3.752 3.133 3.453 3.761 2.716 1.804 1.679 1.51 1.56 2.007 2.051 2.376 3.797 2.317 1.163 1.7 2.222 2.259 2.271 2.215 1.672 1.197 1.195 1.227 1.187 0.9952 0.9505 1.079 1.155 1.346
1.70141E+038 1.70141E+038 1.70141E+038 1.70141E+038 1.70141E+038 1.70141E+038 1.70141E+038 1.70141E+038 1.70141E+038 1.70141E+038 1.70141E+038 1.70141E+038 1.70141E+038 1.70141E+038 4.379 4.463 4.453 4.294 1.70141E+038 4.06 4.303 4.912 5.276 5.383 5.239 5.043 4.765 4.417 4.116 3.964 3.95 3.852 3.388 2.393 1.881 1.581 1.741 1.866 1.997 3.206 3.449 2.845 2.17 2.048 2.304 2.258 2.016 2.161 1.567 1.603 1.55 1.454 1.047 0.7816 0.7049 0.7208 0.808 0.8243
1.70141E+038 1.70141E+038 1.70141E+038 1.70141E+038 1.70141E+038 1.70141E+038 1.70141E+038 1.70141E+038 1.70141E+038 1.70141E+038 1.70141E+038 1.70141E+038 1.70141E+038 1.70141E+038 1.70141E+038 4.458 4.463 1.70141E+038 1.70141E+038 1.70141E+038 4.323 4.327 4.613 5.278 5.374 5.141 5.167 5.38 5.177 4.937 4.596 4.07 3.482 3.18 2.947 2.641 2.649 3.363 3.917 3.312 1.845 1.039 1.425 1.438 2.846 2.912 2.654 2.043 1.516 1.869 1.611 2.035 1.822 1.143 0.808 1.035 1.145 0.895
1.70141E+038 1.70141E+038 1.70141E+038 1.70141E+038 1.70141E+038 1.70141E+038 1.70141E+038 1.70141E+038 1.70141E+038 1.70141E+038 1.70141E+038 1.70141E+038 1.70141E+038 1.70141E+038 1.70141E+038 1.70141E+038 1.70141E+038 1.70141E+038 1.70141E+038 1.70141E+038 1.70141E+038 1.70141E+038 1.70141E+038 4.456 5.071 5.736 5.4 4.913 4.615 4.47 4.601 4.829 4.819 4.556 4.238 3.998 3.812 2.871 1.411 1.44 1.443 1.361 1.099 1.264 1.391 1.709 1.921 1.983 1.95 1.683 2.429 2.694 2.603 1.628 1.541 1.803 1.546 1.675
1.70141E+038 1.70141E+038 1.70141E+038 1.70141E+038 1.70141E+038 1.70141E+038 1.70141E+038 1.70141E+038 1.70141E+038 1.70141E+038 1.70141E+038 1.70141E+038 1.70141E+038 1.70141E+038 1.70141E+038 1.70141E+038 1.70141E+038 1.70141E+038 1.70141E+038 1.70141E+038 1.70141E+038 1.70141E+038 1.70141E+038 1.70141E+038 4.851 5.04 5.448 5.529 5.19 5.223 5.431 5.286 5.004 4.315 3.23 2.46 2.217 2.322 2.364 2.218 2.129 2.046 1.984 1.909 1.797 1.526 1.262 1.358 0.9457 1.965 2.797 2.745 1.451 1.467 1.513 1.357 1.212 1.357
1.70141E+038 1.70141E+038 1.70141E+038 1.70141E+038 1.70141E+038 1.70141E+038 1.70141E+038 1.70141E+038 1.70141E+038 1.70141E+038 1.70141E+038 1.70141E+038 1.70141E+038 1.70141E+038 1.70141E+038 1.70141E+038 1.70141E+038 1.70141E+038 1.70141E+038 1.70141E+038 1.70141E+038 1.70141E+038 1.70141E+038 1.70141E+038 1.70141E+038 5.225 5.608 6.045 6.128 5.648 4.731 3.984 3.451 2.874 2.44 2.347 2.374 2.508 2.49 2.444 2.422 2.444 2.455 2.314 2.098 1.907 1.669 1.35 1.024 1.412 2.22 2.624 1.945 1.206 1.148 1.327 1.366 1.355
1.70141E+038 1.70141E+038 1.70141E+038 1.70141E+038 1.70141E+038 1.70141E+038 1.70141E+038 1.70141E+038 1.70141E+038 1.70141E+038 1.70141E+038 1.70141E+038 1.70141E+038 1.70141E+038 1.70141E+038 1.70141E+038 1.70141E+038 1.70141E+038 1.70141E+038 1.70141E+038 1.70141E+038 1.70141E+038 1.70141E+038 1.70141E+038 1.70141E+038 1.70141E+038 1.70141E+038 1.70141E+038 1.70141E+038 1.70141E+038 1.70141E+038 1.70141E+038 4.338 4.173 3.927 3.52 3.196 2.919 2.637 2.458 2.365 2.401 2.403 2.423 2.37 2.226 2.041 1.901 1.717 1.588 1.62 2.055 2.674 2.239 1.435 1.153 1.243 1.32
1.70141E+038 1.70141E+038 1.70141E+038 1.70141E+038 1.70141E+038 1.70141E+038 1.70141E+038 1.70141E+038 1.70141E+038 1.70141E+038 1.70141E+038 1.70141E+038 1.70141E+038 1.70141E+038 1.70141E+038 1.70141E+038 1.70141E+038 1.70141E+038 1.70141E+038 1.70141E+038 1.70141E+038 1.70141E+038 1.70141E+038 1.70141E+038 1.70141E+038 1.70141E+038 1.70141E+038 1.70141E+038 1.70141E+038 1.70141E+038 1.70141E+038 1.70141E+038 5.026 4.853 4.662 4.449 4.164 3.827 3.425 3.065 2.731 2.49 2.318 2.237 2.195 2.18 2.149 2.172 2.207 2.178 2.014 1.849 1.908 2.255 2.436 1.809 1.49 1.581
1.70141E+038 1.70141E+038 1.70141E+038 1.70141E+038 1.70141E+038 1.70141E+038 1.70141E+038 1.70141E+038 1.70141E+038 1.70141E+038 1.70141E+038 1.70141E+038 1.70141E+038 1.70141E+038 1.70141E+038 1.70141E+038 1.70141E+038 1.70141E+038 1.70141E+038 1.70141E+038 1.70141E+038 1.70141E+038 1.70141E+038 1.70141E+038 1.70141E+038 1.70141E+038 1.70141E+038 1.70141E+038 1.70141E+038 1.70141E+038 1.70141E+038 1.70141E+038 5.205 5.125 5.013 4.89 4.739 4.525 4.227 3.882 3.511 3.201 2.865 2.615 2.439 2.328 2.266 2.279 2.256 2.187 2.058 1.872 1.697 1.876 2.347 2.318 1.68 1.705
1.70141E+038 1.70141E+038 1.70141E+038 1.70141E+038 1.70141E+038 1.70141E+038 1.70141E+038 1.70141E+038 1.70141E+038 1.70141E+038 1.70141E+038 1.70141E+038 1.70141E+038 1.70141E+038 1.70141E+038 1.70141E+038 1.70141E+038 1.70141E+038 1.70141E+038 1.70141E+038 1.70141E+038 1.70141E+038 1.70141E+038 1.70141E+038 1.70141E+038 1.70141E+038 1.70141E+038 1.70141E+038 1.70141E+038 1.70141E+038 1.70141E+038 1.70141E+038 1.70141E+038 5.077 5.025 4.973 4.888 4.745 4.549 4.342 4.09 3.775 3.478 3.184 2.898 2.767 2.641 2.471 2.398 2.314 2.158 1.955 1.74 1.696 1.86 2.321 2.02 1.59
