data/AtlasDataNEP05_1_1_uni_z0.5.wam.u_m.ASC
ncols         225 
nrows         153
xllcorner     220 
yllcorner     2800 
cellsize       5
NODATA_value  1.70141e+038
[rows 78 to 103 of 153, columns 116 to 173 of 225]
1.852 3.598 1.675 2.129 2.891 1.523 1.293 1.795 3.693 5.735 3.263 6.163 2.761 2.156 2.083 6.853 2.863 4.476 3.299 2.982 3.547 3.135 4.341 1.70141E+038 1.70141E+038 1.70141E+038 1.70141E+038 1.70141E+038 1.70141E+038 1.70141E+038 1.70141E+038 1.70141E+038 1.70141E+038 1.70141E+038 1.70141E+038 1.70141E+038 1.70141E+038 1.70141E+038 1.70141E+038 1.70141E+038 1.70141E+038 1.70141E+038 1.70141E+038 1.70141E+038 1.70141E+038 1.70141E+038 1.70141E+038 1.70141E+038 1.70141E+038 1.70141E+038 1.70141E+038 1.70141E+038 1.70141E+038 1.70141E+038 1.70141E+038 1.70141E+038 1.70141E+038 1.70141E+038
3.866 2.733 4.278 3.229 2.957 1.44 0.8234 1.714 2.065 4.098 3.134 3.703 3.104 2.275 2.455 2.185 3.483 2.668 3.01 2.76 5.179 3.743 4.285 1.70141E+038 1.70141E+038 1.70141E+038 1.70141E+038 1.70141E+038 1.70141E+038 1.70141E+038 1.70141E+038 1.70141E+038 1.70141E+038 1.70141E+038 1.70141E+038 1.70141E+038 1.70141E+038 1.70141E+038 1.70141E+038 1.70141E+038 1.70141E+038 1.70141E+038 1.70141E+038 1.70141E+038 1.70141E+038 1.70141E+038 1.70141E+038 1.70141E+038 1.70141E+038 1.70141E+038 1.70141E+038 1.70141E+038 1.70141E+038 1.70141E+038 1.70141E+038 1.70141E+038 1.70141E+038 1.70141E+038
2.422 4.411 1.769 3.428 2.352 4.094 2.701 1.04 2.258 3.388 5.354 2.006 3.299 1.445 1.729 1.507 2.614 1.458 1.107 1.705 5.01 2.245 1.70141E+038 1.70141E+038 1.70141E+038 1.70141E+038 1.70141E+038 1.70141E+038 1.70141E+038 1.70141E+038 1.70141E+038 1.70141E+038 1.70141E+038 1.70141E+038 1.70141E+038 1.70141E+038 1.70141E+038 1.70141E+038 1.70141E+038 1.70141E+038 1.70141E+038 1.70141E+038 1.70141E+038 1.70141E+038 1.70141E+038 1.70141E+038 1.70141E+038 1.70141E+038 1.70141E+038 1.70141E+038 1.70141E+038 1.70141E+038 1.70141E+038 1.70141E+038 1.70141E+038 1.70141E+038 1.70141E+038 1.70141E+038
2.211 2.871 2.225 3.069 1.096 0.952 3.324 0.8874 1.698 3.883 4.301 5.263 3.223 2.319 0.8945 0.9909 1.724 1.463 1.755 4.433 1.523 1.909 1.70141E+038 1.70141E+038 1.70141E+038 1.70141E+038 1.70141E+038 1.70141E+038 1.70141E+038 1.70141E+038 1.70141E+038 1.70141E+038 1.70141E+038 1.70141E+038 1.70141E+038 1.70141E+038 1.70141E+038 1.70141E+038 1.70141E+038 1.70141E+038 1.70141E+038 1.70141E+038 1.70141E+038 1.70141E+038 1.70141E+038 1.70141E+038 1.70141E+038 1.70141E+038 1.70141E+038 1.70141E+038 1.70141E+038 1.70141E+038 1.70141E+038 1.70141E+038 1.70141E+038 1.70141E+038 1.70141E+038 1.70141E+038
1.517 4.591 3.485 1.167 1.195 0.9253 2.956 1.429 1.197 4.072 1.685 3.984 4.387 2.492 2.721 2.18 2.178 1.398 2.904 2.746 3.714 2.955 1.70141E+038 1.70141E+038 1.70141E+038 1.70141E+038 1.70141E+038 1.70141E+038 1.70141E+038 1.70141E+038 1.70141E+038 1.70141E+038 1.70141E+038 1.70141E+038 1.70141E+038 1.70141E+038 1.70141E+038 1.70141E+038 1.70141E+038 1.70141E+038 1.70141E+038 1.70141E+038 1.70141E+038 1.70141E+038 1.70141E+038 1.70141E+038 1.70141E+038 1.70141E+038 1.70141E+038 1.70141E+038 1.70141E+038 1.70141E+038 1.70141E+038 1.70141E+038 1.70141E+038 1.70141E+038 1.70141E+038 1.70141E+038
0.6991 1.957 1.078 2.121 0.8397 0.9925 1.903 1.879 1.236 2.27 2.4 4.288 3.596 4.52 2.017 1.537 4.623 1.624 3.369 4.211 3.886 4.837 4.068 1.70141E+038 1.70141E+038 1.70141E+038 1.70141E+038 1.70141E+038 1.70141E+038 1.70141E+038 1.70141E+038 1.70141E+038 1.70141E+038 1.70141E+038 1.70141E+038 1.70141E+038 1.70141E+038 1.70141E+038 1.70141E+038 1.70141E+038 1.70141E+038 1.70141E+038 1.70141E+038 1.70141E+038 1.70141E+038 1.70141E+038 1.70141E+038 1.70141E+038 1.70141E+038 1.70141E+038 1.70141E+038 1.70141E+038 1.70141E+038 1.70141E+038 1.70141E+038 1.70141E+038 1.70141E+038 1.70141E+038
0.7572 1.956 1.788 0.8732 1.139 1.002 0.8988 1.216 1.483 0.7286 1.269 1.844 3.478 1.633 1.274 1.543 3.73 2.49 0.9143 1.64 2.287 3.636 5.224 3.318 1.70141E+038 4.879 1.841 2.156 1.897 3.153 2.012 1.70141E+038 1.70141E+038 1.70141E+038 1.70141E+038 1.70141E+038 1.70141E+038 1.70141E+038 1.70141E+038 1.70141E+038 1.70141E+038 1.70141E+038 1.70141E+038 1.70141E+038 1.70141E+038 1.70141E+038 1.70141E+038 1.70141E+038 1.70141E+038 1.70141E+038 1.70141E+038 1.70141E+038 1.70141E+038 1.70141E+038 1.70141E+038 1.70141E+038 1.70141E+038 1.70141E+038
0.6304 1.384 0.8064 1.15 1.361 0.6762 0.6459 0.9416 0.9477 1.154 1.541 1.813 1.087 1.946 0.6512 1.444 2.928 3.818 1.98 0.9698 3.57 1.275 3.343 2.507 1.52 2.773 3.065 2.006 1.919 3.188 3.259 2.716 4.075 1.70141E+038 1.70141E+038 1.70141E+038 1.70141E+038 1.70141E+038 1.70141E+038 1.70141E+038 1.70141E+038 1.70141E+038 1.70141E+038 1.70141E+038 1.70141E+038 1.70141E+038 1.70141E+038 1.70141E+038 1.70141E+038 1.70141E+038 1.70141E+038 1.70141E+038 1.70141E+038 1.70141E+038 1.70141E+038 1.70141E+038 1.70141E+038 1.70141E+038
0.6821 1.134 1.195 1.509 1.494 1.092 1.163 0.7919 1.152 0.889 0.8284 1.227 1.137 1.183 1.012 1.007 2.689 3.029 2.158 0.6299 1.826 1.252 1.691 1.504 2.336 1.371 3.011 1.663 1.547 2.789 2.321 1.655 2.869 4.435 6.326 1.70141E+038 1.70141E+038 1.70141E+038 1.70141E+038 1.70141E+038 1.70141E+038 1.70141E+038 1.70141E+038 1.70141E+038 1.70141E+038 1.70141E+038 1.70141E+038 1.70141E+038 1.70141E+038 1.70141E+038 1.70141E+038 1.70141E+038 1.70141E+038 1.70141E+038 1.70141E+038 1.70141E+038 1.70141E+038 1.70141E+038
0.6765 0.6707 0.5926 0.6291 0.5533 0.8463 0.7783 0.7129 0.79 0.8045 1.129 1.073 0.5696 1.635 1.169 1.047 2.13 1.849 1.891 1.633 1.745 1.192 2.077 1.641 1.659 1.368 1.186 2.272 1.265 2.041 1.399 1.24 1.751 4.901 4.712 5.195 1.70141E+038 1.70141E+038 1.70141E+038 1.70141E+038 1.70141E+038 2.894 2.347 1.70141E+038 1.70141E+038 1.70141E+038 1.70141E+038 1.70141E+038 1.70141E+038 1.70141E+038 1.70141E+038 1.70141E+038 7.621 9.471 1.70141E+038 1.70141E+038 1.70141E+038 1.70141E+038
0.8101 0.6908 0.7419 0.7412 0.6266 0.6565 0.8401 0.7895 1.023 0.9119 0.9821 0.9223 0.5312 1.587 0.9883 0.6288 2.365 0.8606 0.4561 1.419 0.7605 1.026 1.626 1.246 2.339 1.126 1.539 1.123 3.09 2.675 1.631 2.327 1.999 1.689 2.857 5.521 3.805 1.70141E+038 1.70141E+038 1.70141E+038 3.148 1.205 2.702 1.874 1.70141E+038 1.70141E+038 1.70141E+038 1.70141E+038 1.70141E+038 1.70141E+038 3.874 4.993 7.317 6.335 1.70141E+038 1.70141E+038 1.70141E+038 1.70141E+038
0.8858 0.9694 0.91 0.9318 0.6323 0.8413 1.012 1.066 1.133 0.9791 1.334 0.9089 0.7906 1.054 0.6795 0.7862 1.574 0.7358 0.5171 1.436 0.8704 1.128 0.7978 1.225 2.638 0.9147 1.094 2.444 2.748 1.118 1.174 1.98 1.298 0.9087 2.685 1.7 2.607 2.331 1.70141E+038 1.70141E+038 2.462 2.35 2.128 1.70141E+038 1.70141E+038 1.70141E+038 1.70141E+038 1.70141E+038 1.70141E+038 5.284 6.468 4.861 4.938 4.504 5.293 6.88 1.70141E+038 1.70141E+038
0.8888 0.8641 1.174 0.987 0.7498 0.9213 1.395 1.109 1.123 1.222 1.745 1.388 1.492 1.102 0.8873 0.7508 1.058 0.5149 0.8142 1.237 1.634 0.7747 0.6424 1.931 1.335 1.359 1.558 1.292 0.7617 0.7947 0.6377 1.636 1.094 0.9015 3.899 0.9177 1.38 1.112 1.70141E+038 1.70141E+038 2.802 1.143 3.691 1.70141E+038 1.70141E+038 1.70141E+038 1.70141E+038 1.70141E+038 7.462 5.378 3.269 1.635 2.208 3.325 5.327 6.521 4.502 8.332
1.064 0.9426 1.27 1.055 0.7441 1.084 1.592 1.497 1.426 1.472 1.761 1.545 1.849 1.667 0.9376 0.5719 0.5502 0.949 0.8054 1.093 1.525 0.7279 1.348 0.9202 1.229 0.7392 0.7628 1.218 0.7785 1.019 0.8482 1.25 0.915 0.771 1.839 1.162 1.178 0.8418 2.404 1.70141E+038 2.271 1.381 1.925 1.246 1.154 2.272 4.697 4.294 7.129 4.044 2.895 1.691 2.088 2.155 3.914 3.514 4.397 7.644
1.327 1.08 1.396 1.073 0.8891 1.1 1.445 1.315 0.8129 0.8001 1.226 1.588 1.904 1.268 0.6832 0.4766 0.6327 0.966 1.096 1.022 0.7327 0.6097 0.8344 0.6671 0.7756 1.117 1.186 0.6296 0.6861 0.7273 0.8463 0.8055 1.25 0.5553 2.213 2.177 0.5742 1.299 1.479 1.841 1.554 1.073 2.357 2.947 0.9101 2.015 3.151 1.902 4.547 7.037 4.375 2.088 2.415 1.778 2.451 1.988 6.223 8.243
1.656 1.229 1.482 1.269 1.219 1.32 1.147 1.206 1.26 1.304 1.588 1.561 1.311 1.13 0.6686 0.5978 0.6432 1.256 1.011 1.017 0.8485 0.9294 0.752 0.6885 0.8407 0.5154 1.046 1.188 1.597 0.9583 0.4358 1.323 1.585 0.6364 1.664 1.907 0.7253 1.478 1.221 2.745 0.6544 1.207 1.545 2.548 1.199 0.9689 2.65 1.597 3.459 7.38 6.228 3.913 3.021 2.957 3.671 2.945 7.109 7.402
1.349 1.12 1.324 1.357 1.429 1.554 1.509 1.95 1.371 1.282 1.743 1.412 1.576 1.356 1.499 0.9831 1.343 1.341 1.323 1.515 1.378 0.7969 0.8446 0.3861 0.8002 0.9506 1.314 1.035 2.158 0.9258 0.678 1.47 0.8889 0.6942 1.28 0.8027 0.7264 1.048 1.117 1.429 0.7423 1.134 0.6799 1.711 1.693 1.081 2.324 3.474 6.193 6.169 6.047 4.672 1.467 2.656 1.568 3.888 7.022 6.716
1.002 0.737 0.7694 0.8981 1.713 2.201 2.054 2.147 1.76 1.886 2.852 1.528 2.043 1.324 1.346 1.118 1.44 1.451 1.175 0.9563 1.217 1.28 1.672 1.218 0.8405 1.502 1.266 2.532 2.404 0.6653 0.7643 0.7503 0.5674 0.6072 0.8846 0.5072 0.6125 0.8272 0.938 1.257 0.6836 1.338 0.4741 0.9833 0.8788 1.67 1.431 4.104 6.022 5.893 5.818 4.525 2.212 3.716 2.235 3.641 4.977 9.231
0.8986 0.8929 1.109 1.047 1.553 2.323 1.554 1.06 0.9156 1.475 1.955 1.354 0.9866 1.251 0.8834 0.7097 1.131 1.392 1.347 1.554 1.164 0.945 1.265 1.367 1.211 1.896 1.133 1.661 1.851 0.6495 1.073 0.6394 0.595 0.5107 0.5425 0.5986 0.6257 0.9023 1.01 2.158 0.8563 0.8156 0.9469 0.8815 1.361 1.265 3.127 3.627 1.468 6.53 6.177 3.742 3.691 3.232 3.155 4.615 5.67 8.249
1.571 1.421 1.58 1.531 0.9788 1.002 0.9722 0.8727 0.8448 1.175 1.692 1.326 1.853 1.34 1.443 1.03 1.039 1.083 0.9806 0.625 0.9095 1.189 1.7 0.7662 1.881 1.486 1.354 1.435 2.079 2.189 1.991 0.4905 0.4812 0.5463 0.7054 0.5217 0.6723 1.18 2.187 1.003 0.5718 1.107 1.07 0.7848 1.376 0.9104 2.692 1.562 3.802 5.148 7.29 2.897 1.692 2.851 1.397 6.686 5.484 4.2
1.382 1.213 1.163 1.323 1.403 1.355 0.913 0.914 0.8399 1.052 1.047 0.952 1.049 1.454 2.436 1.751 1.875 1.388 1.853 0.7897 1.337 0.7827 1.867 1.763 1.81 0.88 1.023 1.446 2.144 2.891 2.6 0.6587 0.4006 0.5263 0.8202 1.189 0.722 2.02 2.539 1.277 0.56 0.9853 0.9993 0.776 0.8582 1.829 3.415 1.128 1.95 4.893 4.83 1.165 0.748 4.33 0.9514 5.509 4.709 4.718
1.209 0.9156 0.8699 0.8576 0.9683 1.067 0.9106 0.86 0.8376 0.9265 0.8425 0.8461 0.991 0.9177 1.29 1.834 2.378 1.199 2.466 1.623 1.591 2.286 2.29 2.741 1.869 0.7767 0.7562 1.705 3.147 3.704 1.833 0.7059 0.7267 0.6824 0.7633 1.664 1.216 1.186 1.916 1.192 0.9376 0.948 0.8613 0.9429 1.104 1.194 1.667 2.964 2.195 5.209 3.266 0.8674 1.887 3.108 0.9184 1.688 2.058 3.766
1.106 0.8746 0.8077 0.789 0.7577 0.7169 0.6649 0.7268 0.7465 0.8801 0.8633 0.8013 0.9911 0.7699 1.049 1.943 1.114 0.8932 0.8541 2.133 3.233 2.755 2.705 2.44 1.52 2.2 0.984 1.877 3.561 3.471 2.084 1.655 1.392 1.79 2.914 0.9381 1.263 0.9158 2.481 0.91 0.9017 1.107 0.7848 0.8871 1.193 0.8237 1.292 1.721 2.602 4.91 3.347 1.038 1.409 1.571 0.6851 0.8706 1.871 1.43
1.213 1.025 0.9773 0.8504 0.7833 0.7912 0.8806 0.9872 0.8288 0.9151 0.8983 1.135 1.581 1.899 2.342 2.394 1.183 1.143 1.78 3.073 2.591 1.517 1.453 2.383 2.571 2.303 2.246 2.812 3.601 2.48 2.012 1.691 1.947 2.585 3.416 1.505 0.8477 3.448 3.121 0.8827 1.5 1.101 1.887 1.019 1.063 1.954 1.053 1.483 4.323 4.428 2.188 1.529 1.962 1.494 0.6712 1.234 1.52 2.405
1.677 1.766 1.968 1.737 1.184 0.9267 0.9399 1.166 1.008 1.053 1.03 1.265 1.709 2.251 2.474 2.276 2.034 2.246 2.983 3.216 1.389 1.091 2.159 1.991 2.921 2.888 3.216 3.461 3.064 2.75 1.27 1.35 2.348 3.278 3.338 2.22 2.571 3.237 1.676 0.7579 1.714 1.065 1.187 2.543 0.9245 1.289 1.709 4.839 4.794 2.194 1.643 1.138 0.8222 1.591 0.7106 0.6257 1.121 3.365
1.559 2.003 2.504 2.455 1.494 0.8548 0.748 1.121 1.961 2.593 2.618 2.495 2.528 2.707 3.054 3.694 4.09 4.107 4.687 3.108 1.74 2.438 2.976 1.53 1.44 1.994 2.286 1.989 1.152 1.434 0.8453 1.378 2.776 2.777 3.764 3.68 5.283 2.612 0.7984 0.7909 0.7375 1.725 0.9764 1.223 2.994 0.6606 4.017 5.079 2.394 2.77 1.549 0.9814 1.381 0.9207 1.089 1.722 1.191 2.213
