data/AtlasDataNEP05_1_1_uni_z0.5.wam.e_m.ASC
ncols         225 
nrows         153
xllcorner     220 
yllcorner     2800 
cellsize       5
NODATA_value  1.70141e+038
[rows 78 to 103 of 153, columns 58 to 115 of 225]
12.9 13.64 7.212 3.443 3.857 1.914 0.4724 1.189 5.325 20.6 22.84 18.27 19.06 58.8 88.95 20.42 3.111 2.859 2.998 1.635 0.9199 0.3453 0.3934 1.434 1.128 0.8187 0.6068 0.6216 2.712 1.11 1.159 4.546 5.12 1.994 1.972 8.755 3.978 6.536 39.53 125.6 201.8 274.1 222.1 28.42 0.7768 109.4 41.45 213.9 242.2 507.2 783.1 15.9 221.4 294.3 221.1 228.6 47.35 15.19
11.58 15.87 10.88 1.173 1.26 3.519 11.67 11.72 22.54 34.86 12.59 3.24 4.748 10.21 16.35 6.964 1.879 3.739 1.874 0.394 0.3828 0.1933 0.1605 0.8138 0.3961 0.7064 0.2634 0.7966 1.122 0.2214 0.6638 2.435 0.1956 7.155 1.757 1.03 4.203 12.16 106.1 138.8 105.1 48.08 72.64 33.74 9.249 3.451 14.44 4.666 56.99 47.93 31.97 16 14.98 83.98 130.7 308.5 29.43 41.49
10.91 13.12 14.2 8.318 3.943 0.8159 1.08 7.069 37.06 17.42 2.72 1.769 0.4833 0.8741 2.282 10.89 8.443 3.975 3.149 0.7886 2.161 0.08788 0.1865 0.5146 0.5411 1.72 3.211 5.268 20.87 0.6 0.6261 1.191 1.018 4.951 6.03 25.04 64.32 39.56 80.22 263.1 58.64 2.822 1.148 0.4697 0.3148 2.625 0.285 4.627 0.991 14.63 19.87 36.7 4.53 66.22 69.62 255.2 30.88 700.9
12.79 10.78 8.541 3.787 1.982 2.682 7.025 17.7 22.67 13.03 2.138 0.449 0.3787 0.3428 7.501 19.01 4.833 2.483 1.018 1.165 3.288 0.8928 0.3348 0.6014 0.8017 5.431 9.197 25.2 12.57 8.544 0.9498 1.047 3.256 36.61 15.39 28.62 120 149.9 86.05 37.83 59.92 9.733 1.383 0.7745 1.437 0.254 0.1978 0.9574 1.232 0.3837 8.582 35.38 10.88 217 2.988 51.21 1.902 287.5
16.62 13.47 9.721 5.802 6.104 15.23 25.01 34.62 9.836 11.78 15.52 9.029 11.37 5.773 4.655 5.344 5.985 2.829 2.446 0.7032 4.23 17.42 5.152 3.119 2.092 11.98 32.27 21.42 1.998 33.39 32.57 4.736 32.12 131.7 51.65 26.52 97.19 57.34 14.16 1.548 3.307 1.581 3.707 0.8096 0.4261 0.3352 0.207 4.203 0.6127 1.048 4.095 2.159 47.56 0.6307 14.01 23.81 5.08 14.78
19.26 16.64 13.17 11.67 15.13 20.68 25.89 33.06 40.5 37.28 29.07 27.59 14.69 3.969 4.736 5.118 11.4 16.36 6.065 11.77 30.58 15.16 9.051 21.75 4.247 19.62 71.86 44.47 9.329 60.48 48.42 61.57 55.97 28.72 7.118 14.97 5.908 28.81 2.536 2.521 3.243 8.122 6.75 1.721 0.9229 7.258 1.153 0.2306 0.2371 2.005 12.63 13.97 2.358 2.058 0.6818 0.8072 0.8149 4.433
20.47 19.27 17.31 20.87 24.73 22.09 24.67 33.64 41.26 63.22 67.02 23.62 14.5 10.99 4.58 7.277 6.413 9.577 37.84 88.35 76.21 6.131 18.9 37.93 56.71 73.96 144.9 121.3 102.6 205.8 9.409 23.54 3.359 1.762 4.309 11.01 19.98 7.011 1.458 1.593 0.292 2.032 4.104 7.38 1.268 0.6708 0.5026 0.6343 0.3663 2.213 1.244 5.7 1.681 4.963 0.6794 1.132 3.013 4.148
1.70141E+038 1.70141E+038 23.96 28.79 32.88 36.52 36.29 43.99 53.12 48.6 69.21 69.86 40.08 42.65 40.37 48.66 122.5 94.54 72.2 84.62 45.63 7.584 10.29 31.55 88.39 140.2 144.2 53.1 72.85 74.07 2.63 5.862 0.7018 3.237 2.164 16.65 22.83 10.21 1.666 0.7103 2.963 9.392 0.3553 6.459 1.982 0.5976 0.3881 0.5483 0.4406 3.833 0.6017 1.942 4.253 4.847 0.7692 0.3551 0.9937 0.3612
1.70141E+038 1.70141E+038 33.4 33.79 33.11 32.49 34.42 44.35 64.3 74.97 50.74 34.83 43.63 45.24 43.1 49.25 69.13 41.86 28.29 14.97 5.221 5.578 8.382 50.76 126.2 128.4 105.8 52.12 23.57 55.8 30.49 4.836 0.4321 3.112 6.419 8.861 9.176 6.161 11.23 1.188 0.7001 15.38 0.2133 3.287 5.389 3.649 1.265 1.491 0.8906 4.567 1.168 4.446 12.96 5.573 3.511 0.6739 0.5712 0.5278
1.70141E+038 1.70141E+038 1.70141E+038 38.69 30.78 31.67 33.67 40.96 51.77 55.25 45.96 38.32 41.75 30.1 22.76 37.05 28.68 13.7 17.32 19.97 11.07 16.44 43.37 66.36 144.7 120.6 96.33 43.21 52.64 42.78 74.94 0.8879 3.6 3.713 10.67 5.708 3.215 2.558 14.76 5.525 1.18 2.223 0.4108 1.898 15.87 13.54 8.415 2.521 3.144 1.46 1.966 1.891 6.322 4.687 1.199 0.9749 0.6792 0.7123
1.70141E+038 1.70141E+038 1.70141E+038 1.70141E+038 35.97 35.39 36.71 42.78 44.07 43.78 45.6 50.53 54.11 54.41 51.75 43.83 59.95 62.84 81.87 72.69 49.56 31.01 41.7 29.39 66.15 41.28 17.91 33.48 74.49 54.54 23.57 13.4 2.187 5.365 6.614 13.87 4.13 20.27 11.4 9.83 3.91 0.7197 0.5864 0.4197 1.982 12.4 9.997 6.227 4.183 2.161 0.5981 0.7984 2.071 8.379 4.125 1.781 0.9588 1.228
1.70141E+038 1.70141E+038 1.70141E+038 1.70141E+038 1.70141E+038 39.52 39.47 39.69 42.43 45.05 52.41 70.27 88.64 72.47 59.19 53.04 29.51 44.22 76.65 109.1 114 83.5 45.09 11.51 2.855 2.035 10.68 60.14 75.23 86.2 45.53 33.74 48.6 8.433 8.661 10.46 12.63 35.11 30 5.873 0.8389 0.5198 0.5043 3.7 3.451 5.229 6.666 4.49 5.665 4.911 2.393 0.6581 2.737 2.608 7.308 3.927 0.8483 1.249
1.70141E+038 1.70141E+038 1.70141E+038 1.70141E+038 1.70141E+038 1.70141E+038 1.70141E+038 42.02 42.51 47.12 59.72 80.69 88.11 73.21 66.73 60.27 42.12 56.04 93.66 108.8 123.8 129.5 99.01 72.23 52.56 36.62 20.26 29.26 38.43 48.38 86.97 56.37 39.92 7.565 11.42 19.34 17.27 16.76 13.37 6.415 2.293 2.115 5.951 9.051 8.508 2.789 7.511 7.635 2.699 8.474 2.395 3.04 4.009 5.301 4.366 5.621 2.135 0.8663
1.70141E+038 1.70141E+038 1.70141E+038 1.70141E+038 1.70141E+038 1.70141E+038 1.70141E+038 49.72 48.77 50.94 60.35 71.26 74.27 60.79 74.5 85.4 81.76 77.99 87.92 99.83 113.9 140.2 130 86.23 83.44 65.98 39.43 22.61 35.05 62.05 152.4 112.2 54.35 35.62 6.656 11.73 17.09 23.53 18.69 11.73 5.525 6.731 5.599 2.183 4.24 6.347 2.604 4.368 2.381 1.704 1.053 3.393 6.079 9.556 4.988 5.126 3.665 1.888
1.70141E+038 1.70141E+038 1.70141E+038 1.70141E+038 1.70141E+038 1.70141E+038 1.70141E+038 1.70141E+038 1.70141E+038 58.82 61.34 57.79 51.42 60.9 72.73 104.2 94.93 105.5 118.1 121.9 123 111.8 128.2 130.8 109.4 99.35 65.48 32.24 47.36 68.71 102.2 176.5 98.65 42.61 21.7 13.26 17.1 37.87 48.05 32.05 15.82 8.116 7.363 8.383 9.954 7.982 15.09 8.664 4.618 4.757 2.035 3.997 4.146 6.324 3.148 6.85 4.613 3.981
1.70141E+038 1.70141E+038 1.70141E+038 1.70141E+038 1.70141E+038 1.70141E+038 1.70141E+038 1.70141E+038 1.70141E+038 1.70141E+038 64.8 64.11 57.95 62.27 74.04 75.85 84.68 90.5 113 115.4 153.7 189.2 158.1 110.4 123.1 144.8 134.1 101.9 85.25 78.19 78.51 81.43 103.7 30.6 10.21 19.25 15.74 18.17 31.62 34.91 30.62 17.23 9.73 14.95 21.06 19.27 10.26 5.07 5.486 4.211 3.673 4.253 3.466 3.323 2.874 3.357 4.24 5.137
1.70141E+038 1.70141E+038 1.70141E+038 1.70141E+038 1.70141E+038 1.70141E+038 1.70141E+038 1.70141E+038 1.70141E+038 1.70141E+038 1.70141E+038 1.70141E+038 1.70141E+038 73.1 78.63 81.91 83.25 96.97 105.4 131.8 141.7 185.4 198.5 172.5 169.7 164.1 176.3 125.3 81.27 41.34 68.63 97.09 87.79 14.62 7.671 7.756 9.954 15.17 21.49 25.56 41.64 13.57 4.209 11.25 18.16 19.23 18.94 13.58 6.4 2.614 3.069 1.973 3.162 1.273 1.513 1.375 1.954 3.93
1.70141E+038 1.70141E+038 1.70141E+038 1.70141E+038 1.70141E+038 1.70141E+038 1.70141E+038 1.70141E+038 1.70141E+038 1.70141E+038 1.70141E+038 1.70141E+038 1.70141E+038 1.70141E+038 82.35 89.34 96.78 92.78 1.70141E+038 93.32 114.3 128.3 184.3 204.8 229.9 182.1 159.6 118.6 92.6 82.96 91.53 94 82.29 52.37 28.43 15.62 23.04 19.17 21.48 37.48 40.1 14.55 9.266 7.826 12.02 10.27 11.13 8.43 5.055 5.242 6.288 5.158 3.64 1.395 0.6927 0.6977 1.674 1.723
1.70141E+038 1.70141E+038 1.70141E+038 1.70141E+038 1.70141E+038 1.70141E+038 1.70141E+038 1.70141E+038 1.70141E+038 1.70141E+038 1.70141E+038 1.70141E+038 1.70141E+038 1.70141E+038 1.70141E+038 86.52 87.92 1.70141E+038 1.70141E+038 1.70141E+038 108.3 110.3 119.5 154 206.3 199.5 195.4 142.2 159.2 151.6 139.5 123 93.34 62.39 53.48 36.62 37.71 59.7 83.81 54.05 10.17 5.699 7.799 7.328 18.66 27.46 14.01 8.698 7.044 12.45 9.643 12.87 8.059 3.391 1.503 3.117 5.597 2.958
1.70141E+038 1.70141E+038 1.70141E+038 1.70141E+038 1.70141E+038 1.70141E+038 1.70141E+038 1.70141E+038 1.70141E+038 1.70141E+038 1.70141E+038 1.70141E+038 1.70141E+038 1.70141E+038 1.70141E+038 1.70141E+038 1.70141E+038 1.70141E+038 1.70141E+038 1.70141E+038 1.70141E+038 1.70141E+038 1.70141E+038 112.9 126.5 196.9 231.4 197.9 156.7 135.1 150.1 160.7 188.6 175.7 119.1 87.83 89.77 36.54 10.58 5.59 5.95 4.112 3.644 7.813 11.79 16.09 19.03 13.54 13.11 5.906 16.66 23.88 15.34 5.412 5.367 7.731 5.567 5.23
1.70141E+038 1.70141E+038 1.70141E+038 1.70141E+038 1.70141E+038 1.70141E+038 1.70141E+038 1.70141E+038 1.70141E+038 1.70141E+038 1.70141E+038 1.70141E+038 1.70141E+038 1.70141E+038 1.70141E+038 1.70141E+038 1.70141E+038 1.70141E+038 1.70141E+038 1.70141E+038 1.70141E+038 1.70141E+038 1.70141E+038 1.70141E+038 142.9 139.1 159 199.9 209.6 216.1 234.6 248.6 206.4 149 77.53 38.34 30.13 23.19 18.79 16.03 16.78 18.41 17.09 11.62 10.28 7.9 8.007 7.928 5.658 11.35 30.63 19.84 8.681 7.277 5.627 4.431 4.824 5.111
1.70141E+038 1.70141E+038 1.70141E+038 1.70141E+038 1.70141E+038 1.70141E+038 1.70141E+038 1.70141E+038 1.70141E+038 1.70141E+038 1.70141E+038 1.70141E+038 1.70141E+038 1.70141E+038 1.70141E+038 1.70141E+038 1.70141E+038 1.70141E+038 1.70141E+038 1.70141E+038 1.70141E+038 1.70141E+038 1.70141E+038 1.70141E+038 1.70141E+038 166 191.1 225.4 277.4 260 203.9 109 75.16 46.36 30.89 26.41 26.2 22.12 21.25 20.95 22.85 24.41 24.02 21.27 16.48 13.23 9.96 7.287 5.874 10.41 25.94 29.99 18.68 6.22 3.887 4.697 6.163 7.019
1.70141E+038 1.70141E+038 1.70141E+038 1.70141E+038 1.70141E+038 1.70141E+038 1.70141E+038 1.70141E+038 1.70141E+038 1.70141E+038 1.70141E+038 1.70141E+038 1.70141E+038 1.70141E+038 1.70141E+038 1.70141E+038 1.70141E+038 1.70141E+038 1.70141E+038 1.70141E+038 1.70141E+038 1.70141E+038 1.70141E+038 1.70141E+038 1.70141E+038 1.70141E+038 1.70141E+038 1.70141E+038 1.70141E+038 1.70141E+038 1.70141E+038 1.70141E+038 114.6 96.08 78.05 57.47 37.91 29.48 22.88 19.38 19.91 21.23 22.12 20.4 19.33 16.05 13.36 11.83 9.701 8.439 9.984 26.25 26.77 15.07 3.404 2.245 3.265 3.745
1.70141E+038 1.70141E+038 1.70141E+038 1.70141E+038 1.70141E+038 1.70141E+038 1.70141E+038 1.70141E+038 1.70141E+038 1.70141E+038 1.70141E+038 1.70141E+038 1.70141E+038 1.70141E+038 1.70141E+038 1.70141E+038 1.70141E+038 1.70141E+038 1.70141E+038 1.70141E+038 1.70141E+038 1.70141E+038 1.70141E+038 1.70141E+038 1.70141E+038 1.70141E+038 1.70141E+038 1.70141E+038 1.70141E+038 1.70141E+038 1.70141E+038 1.70141E+038 162.1 147.6 129.9 110.2 90.88 68.28 49.51 34.97 26.46 20.09 17.37 17.46 16.68 16.36 15.61 15.94 17.21 15.81 13.06 10.16 19.9 20.89 21.25 7.742 3.284 3.658
1.70141E+038 1.70141E+038 1.70141E+038 1.70141E+038 1.70141E+038 1.70141E+038 1.70141E+038 1.70141E+038 1.70141E+038 1.70141E+038 1.70141E+038 1.70141E+038 1.70141E+038 1.70141E+038 1.70141E+038 1.70141E+038 1.70141E+038 1.70141E+038 1.70141E+038 1.70141E+038 1.70141E+038 1.70141E+038 1.70141E+038 1.70141E+038 1.70141E+038 1.70141E+038 1.70141E+038 1.70141E+038 1.70141E+038 1.70141E+038 1.70141E+038 1.70141E+038 174 167.3 157.4 145.9 129.8 112.2 89.82 68.48 51.05 36.12 25.79 19.51 17.09 16.39 16.68 17.03 17.71 17.58 12.76 8.535 6.506 13.09 17.8 19.31 4.903 3.286
1.70141E+038 1.70141E+038 1.70141E+038 1.70141E+038 1.70141E+038 1.70141E+038 1.70141E+038 1.70141E+038 1.70141E+038 1.70141E+038 1.70141E+038 1.70141E+038 1.70141E+038 1.70141E+038 1.70141E+038 1.70141E+038 1.70141E+038 1.70141E+038 1.70141E+038 1.70141E+038 1.70141E+038 1.70141E+038 1.70141E+038 1.70141E+038 1.70141E+038 1.70141E+038 1.70141E+038 1.70141E+038 1.70141E+038 1.70141E+038 1.70141E+038 1.70141E+038 1.70141E+038 159.7 154.1 148.6 142 128.6 110.7 93.74 75.65 60.99 45.55 33.38 25.18 20.73 18.61 18.26 16.97 14.45 12.05 8.381 5.691 5.276 10.01 13.69 10.84 2.715
