data/AtlasDataNEP05_1_1_uni_z0.5.wam.u_m.ASC
ncols         225 
nrows         153
xllcorner     220 
yllcorner     2800 
cellsize       5
NODATA_value  1.70141e+038
[rows 52 to 77 of 153, columns 58 to 115 of 225]
5.086 3.966 3.031 4.33 3.26 2.897 2.654 2.843 5.067 3.898 3.244 2.201 1.759 1.172 0.9548 2.318 0.763 1.237 0.8328 1.012 1.717 1.554 2.013 2.341 3.838 4.327 4.017 3.822 4.283 5.076 6.807 6.925 1.70141E+038 1.70141E+038 1.70141E+038 1.70141E+038 1.70141E+038 1.70141E+038 1.70141E+038 1.70141E+038 1.70141E+038 1.70141E+038 1.70141E+038 1.70141E+038 1.70141E+038 1.70141E+038 1.70141E+038 1.70141E+038 1.70141E+038 1.70141E+038 1.70141E+038 1.70141E+038 1.70141E+038 1.70141E+038 1.70141E+038 1.70141E+038 1.70141E+038 1.70141E+038
3.768 2.848 2.207 3.777 1.179 1.387 2.934 1.933 3.442 3.857 1.896 1.465 1.855 0.8041 0.8358 1.422 1.847 1.454 0.7076 1.221 0.9581 1.366 1.369 2.41 4.462 4.341 3.342 4.041 4.37 5.133 8.539 5.918 6.778 1.70141E+038 1.70141E+038 1.70141E+038 1.70141E+038 1.70141E+038 1.70141E+038 1.70141E+038 1.70141E+038 1.70141E+038 1.70141E+038 1.70141E+038 1.70141E+038 1.70141E+038 1.70141E+038 1.70141E+038 1.70141E+038 1.70141E+038 1.70141E+038 1.70141E+038 1.70141E+038 1.70141E+038 1.70141E+038 1.70141E+038 1.70141E+038 1.70141E+038
2.841 1.634 1.528 1.096 1.867 1.359 1.171 1.587 2.972 1.943 1.13 1.339 1.797 0.7965 1.063 0.967 0.8467 1.314 0.8434 1.536 1.288 1.314 1.022 2.222 2.94 3.71 2.775 4.271 3.977 4.08 4.553 6.052 7.342 5.947 6.595 1.70141E+038 1.70141E+038 1.70141E+038 1.70141E+038 1.70141E+038 1.70141E+038 1.70141E+038 1.70141E+038 1.70141E+038 1.70141E+038 1.70141E+038 1.70141E+038 1.70141E+038 1.70141E+038 1.70141E+038 1.70141E+038 1.70141E+038 1.70141E+038 1.70141E+038 1.70141E+038 1.70141E+038 1.70141E+038 1.70141E+038
1.623 0.8307 1.313 0.5371 1.321 0.852 1.987 1.452 3.126 1.746 2.534 1.892 1.956 0.4885 1.169 0.7847 0.8755 1.596 1.063 0.9426 1.135 1.429 1.369 1.607 1.849 3.199 2.594 2.349 3.077 2.438 4.424 5.353 5.877 4.812 5.127 6.321 7.497 8.885 1.70141E+038 1.70141E+038 1.70141E+038 1.70141E+038 1.70141E+038 1.70141E+038 1.70141E+038 1.70141E+038 1.70141E+038 1.70141E+038 1.70141E+038 1.70141E+038 1.70141E+038 1.70141E+038 1.70141E+038 1.70141E+038 1.70141E+038 1.70141E+038 1.70141E+038 1.70141E+038
1.032 0.8665 1.014 0.6391 1.467 0.7547 1.35 1.714 2.727 2.682 2.454 2.777 2.091 1.216 1.171 0.67 0.5319 0.8373 0.9521 0.9503 1.399 1.628 1.14 1.335 1.26 2.52 2.794 2.126 2.66 2.942 2.31 2.194 2.509 3.73 4.155 4.267 4.518 6.812 7.233 7.479 8.305 1.70141E+038 1.70141E+038 1.70141E+038 1.70141E+038 1.70141E+038 1.70141E+038 1.70141E+038 1.70141E+038 1.70141E+038 1.70141E+038 1.70141E+038 1.70141E+038 1.70141E+038 1.70141E+038 1.70141E+038 1.70141E+038 1.70141E+038
1.28 0.7914 0.6623 0.863 1.047 1.15 1.385 3.087 1.013 2.561 1.863 2.35 2.039 1.285 1.513 1.226 1.043 1.703 1.546 1.471 1.467 1.488 1.43 1.588 0.6881 1.409 2.319 2.231 2.094 4.218 2.183 2.014 1.303 2.205 1.722 1.453 2.273 3.907 4.977 5.44 6.564 7.341 8.595 1.70141E+038 1.70141E+038 1.70141E+038 1.70141E+038 1.70141E+038 1.70141E+038 1.70141E+038 1.70141E+038 1.70141E+038 1.70141E+038 1.70141E+038 1.70141E+038 1.70141E+038 1.70141E+038 1.70141E+038
0.8889 0.8602 0.7892 0.6682 0.9474 1.47 0.952 1.534 0.8839 0.8313 1.692 2.03 2.081 1.025 0.9097 1.1 1.066 0.626 1.251 1.583 2.125 3.278 3.492 2.767 3.75 2.749 3.509 5.803 6.725 5.617 2.334 1.709 3.897 3.436 2.187 2.056 1.611 1.912 1.853 3.696 4.751 6.448 7.395 1.70141E+038 1.70141E+038 1.70141E+038 1.70141E+038 1.70141E+038 1.70141E+038 1.70141E+038 1.70141E+038 1.70141E+038 1.70141E+038 1.70141E+038 1.70141E+038 1.70141E+038 1.70141E+038 1.70141E+038
0.9998 0.9668 0.7566 0.8744 0.9982 0.7463 1.198 2.096 2.27 2.092 1.939 2.437 1.765 1.403 0.8852 1.668 1.017 1.59 1.302 1.024 1.48 1.256 1.267 1.396 2.16 2.963 2.443 1.77 2.657 2.727 2.761 2.906 5.777 3.716 3.277 3.072 3.249 3.929 1.871 2.565 2.286 3.054 5.724 7.548 1.70141E+038 1.70141E+038 1.70141E+038 1.70141E+038 1.70141E+038 1.70141E+038 1.70141E+038 1.70141E+038 1.70141E+038 1.70141E+038 1.70141E+038 1.70141E+038 1.70141E+038 1.70141E+038
0.7642 1.068 0.927 1.011 1.455 1.994 2.083 3.205 4.476 3.934 2.586 0.7319 1.341 1.582 1.33 0.5647 0.8258 1.125 1.641 1.168 0.768 0.5979 0.8444 1.685 3.122 4.373 3.262 5.296 5.487 2.946 2.407 3.017 2.115 2.631 1.222 1.819 3.121 2.58 1.531 1.943 2.982 2.528 2.548 6.173 8.213 1.70141E+038 1.70141E+038 1.70141E+038 1.70141E+038 1.70141E+038 1.70141E+038 1.70141E+038 1.70141E+038 1.70141E+038 1.70141E+038 1.70141E+038 1.70141E+038 1.70141E+038
1.236 2.166 2.273 1.725 2.135 2.809 2.728 1.154 1.873 1.876 0.6664 1.707 1.832 1.426 0.9867 1.641 1.072 1.139 1.194 1.614 1.463 1.545 1.716 1.736 3.281 2.971 3.52 6.49 4.46 5.383 3.004 2.897 3.497 1.595 1.321 2.681 1.868 3.352 1.419 2.283 3.639 2.284 3.163 4.137 7.656 1.70141E+038 1.70141E+038 1.70141E+038 1.70141E+038 1.70141E+038 1.70141E+038 1.70141E+038 1.70141E+038 1.70141E+038 1.70141E+038 1.70141E+038 1.70141E+038 1.70141E+038
1.103 1.572 1.899 1.16 1.719 3.241 1.378 1.261 1.074 1.56 1.433 2.639 5.909 1.658 0.72 1.502 1.586 1.009 0.7311 1.024 1.507 2.143 1.919 1.757 1.556 1.005 1.646 4.006 2.515 5.156 4.666 4.405 4.327 3.744 3.337 2.433 1.934 3.503 3.104 3.208 4.231 3.539 2.521 3.616 5.084 7.3 1.70141E+038 1.70141E+038 1.70141E+038 1.70141E+038 1.70141E+038 1.70141E+038 1.70141E+038 1.70141E+038 1.70141E+038 1.70141E+038 1.70141E+038 1.70141E+038
1.33 0.7761 1.275 0.9345 1.311 1.936 1.506 0.8946 1.859 0.9564 2.141 3.191 3.035 1.432 0.7269 0.9167 1.413 1.132 0.6938 0.9652 1.233 0.9688 0.7057 1.063 1.151 1.017 1.712 2.519 2.7 4.622 4.137 4.632 3.827 4.603 3.42 4.08 3.912 4.228 4.949 3.947 3.696 4.282 4.878 3.699 4.245 5.797 1.70141E+038 1.70141E+038 1.70141E+038 1.70141E+038 1.70141E+038 1.70141E+038 1.70141E+038 9.038 6.502 5.603 5.378 6.017
0.7575 0.7594 0.8942 0.6841 0.9269 1.729 1.075 1.682 0.9517 1.287 1.778 3.207 3.96 0.9559 0.7415 1.088 0.9503 0.8398 0.7663 0.8918 1.049 1.143 0.8267 0.9182 0.8231 1.185 0.9374 1.719 3.492 3.951 3.479 5.222 4.082 3.527 3.506 5.581 3.536 4.927 5.47 4.783 3.663 4.553 5.064 4.092 4.61 5.246 6.494 7.394 1.70141E+038 1.70141E+038 1.70141E+038 7.812 8.327 9.194 4.276 6.136 4.777 5.009
1.079 0.8915 0.5709 0.7525 0.5419 1.401 1.326 1.338 1.324 1.734 3.769 4.984 5.615 2.458 1.585 1.431 1.1 0.7834 0.9606 1.118 1.364 0.6333 0.7806 1.013 1.285 1.938 1.04 2.088 3.109 2.373 4.554 4.535 4.371 4.28 2.941 2.935 2.648 6.254 4.75 4.538 4.291 5.486 4.337 2.85 4.741 5.222 5.761 6.159 1.70141E+038 1.70141E+038 7.623 8.221 10.29 8.001 5.018 5.508 3.347 2.696
1.752 0.8162 0.6841 0.6835 0.5861 0.967 1.413 0.8303 1.493 2.439 3.275 3.293 2.363 2.932 3.24 2.675 1.598 0.8687 0.972 0.9732 0.6562 0.9248 0.7899 1.095 1.419 1.991 1.994 3.203 3.413 2.626 6.156 2.367 4.262 2.374 3.796 2.831 4.424 4.095 5.238 3.413 4.58 4.548 4.56 2.625 3.724 4.04 4.703 5.654 5.995 6.55 7.456 8.465 9.984 8.815 4.489 5.05 2.258 1.824
1.85 0.7885 0.9593 0.7937 0.6622 0.8792 0.9383 1.287 1.314 1.835 1.479 0.9668 1.353 2.698 3.325 4.063 2.581 1.34 0.7875 1.138 1.728 1.409 1.348 1.606 2.246 1.957 3.126 2.828 1.942 1.784 2.937 2.672 4.262 3.653 3.068 3.422 4.292 4.466 4.287 3.106 2.767 4.067 4.59 3.404 2.615 2.746 2.7 4.274 5.611 6.104 6.614 8.046 9.104 5.528 3.645 4.677 2.055 2.425
1.238 1.384 1.341 1.159 1.56 2.693 1.84 1.072 1.513 1.592 1.748 2.39 2.24 2.259 2.691 2.933 2.704 2.007 0.7549 1.882 1.395 2.05 2.468 2.256 3.569 2.657 3.574 2.178 1.126 1.266 1.143 2.259 2.425 2.923 2.782 2.366 3.024 3.971 4.497 3.775 4.199 3.07 4.768 3.6 3.566 3.028 2.367 3.01 5.098 6.327 8.632 9.344 9.18 3.972 3.071 3.382 1.965 1.996
2.573 1.925 1.033 1.163 1.673 1.871 1.041 0.9744 1.135 2 1.863 1.159 1.08 3.548 2.305 2.463 3.312 2.759 1.549 2.476 2.936 2.841 1.216 1.523 3.769 1.896 2.633 2.927 2.489 1.51 1.064 0.9625 3.903 1.565 1.359 1.653 2.172 3.075 4.011 5.486 5.577 4.54 3.968 2.456 3.688 3.455 2.932 2.714 4.524 6.122 7.013 8.568 7.293 4.159 3.331 2.464 1.479 1.59
1.252 1.258 1.534 1.574 2.598 2.153 1.146 0.7565 1.73 2.054 1.44 1.509 1.995 3.218 3.551 3.046 3.668 4.888 3.201 1.534 4.372 1.862 1.104 1.015 2.407 1.898 2.461 2.372 2.451 1.306 1.27 1.927 0.8828 1.806 0.7497 1.417 1.037 3.036 4.052 6.395 3.766 4.575 4.834 2.799 3.911 3.882 4.58 3.797 5.518 6.968 7.573 7.825 6.165 3.896 4.204 2.027 1.381 2.684
1.52 2.288 2.049 2.869 2.838 1.368 1.694 0.6861 0.7566 0.9463 0.7922 1.212 1.859 1.789 1.401 1.424 3.218 3.186 2.955 2.912 2.389 0.9929 1.913 0.8971 1.944 2.032 0.9716 3.049 4.842 1.23 1.529 1.98 1.42 1.594 1.218 1.415 1.035 1.066 3.639 2.543 2.26 3.58 4.738 3.74 6.765 2.372 5.37 4.516 5.882 6.364 6.781 4.064 4.199 5.748 3.731 1.468 1.516 3.582
1.934 2.328 1.967 1.308 1.757 1.146 1.981 1.417 1.724 1.761 1.268 1.374 0.6181 1.321 1.512 1.675 2.117 1.179 1.374 1.47 1.407 1.038 1.055 0.9183 1.912 0.8463 1.865 2.101 4.306 2.241 3.616 0.9375 0.9569 3.174 0.9874 1.644 1.962 1.656 2.883 1.684 1.87 2.591 1.728 2.85 3.041 1.987 5.623 8.579 7.736 1.919 4.571 1.92 1.922 5.442 2.652 2.29 1.927 3.066
1.017 1.021 0.9811 0.9033 0.7444 0.9746 0.7289 0.6977 0.6592 1.155 1.192 1.203 0.7562 1.16 1.275 1.641 2.692 0.9205 0.8605 0.7392 0.8241 1.201 0.9176 1.128 1.586 1.038 2.039 1.673 4.45 2.395 2.333 3.23 1.97 2.061 1.577 2.878 1.88 2.266 1.359 3.395 3.882 4.284 4.578 2.805 3.175 2.483 4.779 7.082 8.247 5.775 3.162 1.773 2.386 3.325 1.479 3.514 3.259 3.527
1.222 1.29 1.055 0.782 0.9123 0.7672 0.5903 0.867 1.112 0.915 0.7532 0.6764 0.467 1.057 0.9582 2.529 2.516 1.043 0.6773 0.7548 0.8614 0.8454 0.9928 0.8322 1.065 1.612 1.467 1.772 2.107 2.895 2.027 3.994 3.58 3.584 3.002 3.099 2.48 2.544 2.263 3.169 2.984 1.576 1.384 1.796 2.435 6.431 5.199 6.903 9.715 4.66 2.882 2.864 3.458 2.244 1.625 2.928 3.978 4.959
1.566 1.164 1.419 0.8554 0.8803 0.5444 0.68 0.871 1.005 1.012 0.9112 0.5232 0.6593 1.017 1.444 1.489 2.816 1.267 0.8788 0.4752 0.7688 0.5994 0.7895 1.219 0.8374 1.749 0.5559 1.774 2.364 2.625 1.061 2.072 1.162 1.995 2.278 3.542 4.159 3.702 4.243 4.679 4.713 4.19 4.134 4.181 3.66 4.754 7.145 6.809 7.04 3.679 5.608 5.436 1.816 1.274 1.419 3.088 4.945 3.676
0.8896 1.077 0.7746 0.5801 0.8725 0.6725 0.7155 0.5113 0.5505 0.8306 0.9346 0.8225 0.7139 0.6032 1.867 3.663 2.983 0.9818 0.7448 0.582 0.9354 0.6287 0.4003 1.245 0.3776 1.803 0.9376 0.801 1.079 2.124 0.6679 1.231 1.193 0.7924 1.12 0.9733 1.352 1.727 2.954 4.742 4.623 4.588 3.468 4.898 6.9 5.373 7.247 5.359 5.051 5.275 14.37 6.144 3.94 3.923 3.306 2.925 2.762 2.789
1.627 1.661 1.293 0.8637 0.7347 0.6488 0.5627 0.6757 1.005 0.8289 0.7949 1.318 1.278 2.48 3.506 3.944 1.794 0.7486 0.967 0.7125 0.5678 0.4698 0.4674 1.016 0.5234 1.024 0.6209 0.7745 0.7369 0.9478 0.8269 1.32 0.6864 1.028 1.336 0.9125 0.9156 1.032 2.008 4.678 3.211 4.428 4.479 4.724 2.862 2.741 5.485 5.139 4.967 8.98 9.023 4.126 3.64 5.645 3.96 3.588 2.291 5.708
