data/AtlasDataNEP05_1_1_uni_z50.5.wrm.u_m.ASC
ncols         225 
nrows         153
xllcorner     220 
yllcorner     2800 
cellsize       5
NODATA_value  1.70141e+038
[rows 78 to 103 of 153, columns 116 to 173 of 225]
1.18 2.469 1.822 1.836 2.183 2.258 1.217 1.288 2.046 6.153 4.329 3.157 3.544 2.548 2.757 3.13 3.721 5.024 4.512 3.799 3.029 2.793 4.778 1.70141E+038 1.70141E+038 1.70141E+038 1.70141E+038 1.70141E+038 1.70141E+038 1.70141E+038 1.70141E+038 1.70141E+038 1.70141E+038 1.70141E+038 1.70141E+038 1.70141E+038 1.70141E+038 1.70141E+038 1.70141E+038 1.70141E+038 1.70141E+038 1.70141E+038 1.70141E+038 1.70141E+038 1.70141E+038 1.70141E+038 1.70141E+038 1.70141E+038 1.70141E+038 1.70141E+038 1.70141E+038 1.70141E+038 1.70141E+038 1.70141E+038 1.70141E+038 1.70141E+038 1.70141E+038 1.70141E+038
4.548 2.659 2.987 2.274 2.153 1.43 0.6933 0.9208 2.566 6.4 4.995 2.23 2.143 1.303 1.555 2.34 2.455 3.719 3.229 3.667 4.601 3.773 4.476 1.70141E+038 1.70141E+038 1.70141E+038 1.70141E+038 1.70141E+038 1.70141E+038 1.70141E+038 1.70141E+038 1.70141E+038 1.70141E+038 1.70141E+038 1.70141E+038 1.70141E+038 1.70141E+038 1.70141E+038 1.70141E+038 1.70141E+038 1.70141E+038 1.70141E+038 1.70141E+038 1.70141E+038 1.70141E+038 1.70141E+038 1.70141E+038 1.70141E+038 1.70141E+038 1.70141E+038 1.70141E+038 1.70141E+038 1.70141E+038 1.70141E+038 1.70141E+038 1.70141E+038 1.70141E+038 1.70141E+038
3.584 9.175 2.322 2.5 2.085 1.602 1.489 0.9496 2.075 4.85 8.872 2.304 2.644 1.46 1.115 0.9006 1.471 1.846 1.228 1.444 3.33 3.438 1.70141E+038 1.70141E+038 1.70141E+038 1.70141E+038 1.70141E+038 1.70141E+038 1.70141E+038 1.70141E+038 1.70141E+038 1.70141E+038 1.70141E+038 1.70141E+038 1.70141E+038 1.70141E+038 1.70141E+038 1.70141E+038 1.70141E+038 1.70141E+038 1.70141E+038 1.70141E+038 1.70141E+038 1.70141E+038 1.70141E+038 1.70141E+038 1.70141E+038 1.70141E+038 1.70141E+038 1.70141E+038 1.70141E+038 1.70141E+038 1.70141E+038 1.70141E+038 1.70141E+038 1.70141E+038 1.70141E+038 1.70141E+038
2.663 3.161 4.643 4.649 1.676 0.8023 1.39 0.968 1.834 2.846 6.404 5.587 3.77 2.918 0.9497 0.8734 0.888 0.9535 1.136 2.289 2.096 2.118 1.70141E+038 1.70141E+038 1.70141E+038 1.70141E+038 1.70141E+038 1.70141E+038 1.70141E+038 1.70141E+038 1.70141E+038 1.70141E+038 1.70141E+038 1.70141E+038 1.70141E+038 1.70141E+038 1.70141E+038 1.70141E+038 1.70141E+038 1.70141E+038 1.70141E+038 1.70141E+038 1.70141E+038 1.70141E+038 1.70141E+038 1.70141E+038 1.70141E+038 1.70141E+038 1.70141E+038 1.70141E+038 1.70141E+038 1.70141E+038 1.70141E+038 1.70141E+038 1.70141E+038 1.70141E+038 1.70141E+038 1.70141E+038
1.873 2.157 2.731 1.309 1.436 0.8731 1.834 0.5345 1.495 2.611 1.701 8.658 6.148 1.496 1.925 2.085 1.342 0.9454 4.128 2.898 2.963 4.355 1.70141E+038 1.70141E+038 1.70141E+038 1.70141E+038 1.70141E+038 1.70141E+038 1.70141E+038 1.70141E+038 1.70141E+038 1.70141E+038 1.70141E+038 1.70141E+038 1.70141E+038 1.70141E+038 1.70141E+038 1.70141E+038 1.70141E+038 1.70141E+038 1.70141E+038 1.70141E+038 1.70141E+038 1.70141E+038 1.70141E+038 1.70141E+038 1.70141E+038 1.70141E+038 1.70141E+038 1.70141E+038 1.70141E+038 1.70141E+038 1.70141E+038 1.70141E+038 1.70141E+038 1.70141E+038 1.70141E+038 1.70141E+038
1.015 1.211 1.034 2.131 0.8846 0.8245 1.872 0.7272 1.164 1.56 2.451 2.911 5.931 4.929 3.029 2.076 2.024 1.169 3.539 5.078 5.296 6.959 4.661 1.70141E+038 1.70141E+038 1.70141E+038 1.70141E+038 1.70141E+038 1.70141E+038 1.70141E+038 1.70141E+038 1.70141E+038 1.70141E+038 1.70141E+038 1.70141E+038 1.70141E+038 1.70141E+038 1.70141E+038 1.70141E+038 1.70141E+038 1.70141E+038 1.70141E+038 1.70141E+038 1.70141E+038 1.70141E+038 1.70141E+038 1.70141E+038 1.70141E+038 1.70141E+038 1.70141E+038 1.70141E+038 1.70141E+038 1.70141E+038 1.70141E+038 1.70141E+038 1.70141E+038 1.70141E+038 1.70141E+038
0.7869 1.268 1.677 0.9098 1.015 0.8245 0.9007 0.7377 1.209 0.8441 1.208 1.887 3.943 1.812 1.398 1.811 2.641 1.378 0.9834 2.026 2.568 5.664 5.95 3.166 1.70141E+038 2.602 1.555 1.408 1.387 2.713 1.988 1.70141E+038 1.70141E+038 1.70141E+038 1.70141E+038 1.70141E+038 1.70141E+038 1.70141E+038 1.70141E+038 1.70141E+038 1.70141E+038 1.70141E+038 1.70141E+038 1.70141E+038 1.70141E+038 1.70141E+038 1.70141E+038 1.70141E+038 1.70141E+038 1.70141E+038 1.70141E+038 1.70141E+038 1.70141E+038 1.70141E+038 1.70141E+038 1.70141E+038 1.70141E+038 1.70141E+038
0.5275 1.137 1.072 0.9594 1.195 0.6622 0.5016 0.8807 0.8475 1.036 1.112 1.885 1.204 1.602 0.6537 1.158 2.455 2.343 1.193 1.101 2.141 1.492 4.538 2.712 1.653 2.262 1.534 2.263 2.651 4.409 3.54 3.878 4.7 1.70141E+038 1.70141E+038 1.70141E+038 1.70141E+038 1.70141E+038 1.70141E+038 1.70141E+038 1.70141E+038 1.70141E+038 1.70141E+038 1.70141E+038 1.70141E+038 1.70141E+038 1.70141E+038 1.70141E+038 1.70141E+038 1.70141E+038 1.70141E+038 1.70141E+038 1.70141E+038 1.70141E+038 1.70141E+038 1.70141E+038 1.70141E+038 1.70141E+038
0.6509 1.003 1.207 1.357 1.447 1.12 0.8489 0.7921 0.9256 0.7988 0.94 1.04 1.102 0.8936 0.8432 0.9778 1.623 2.81 2.275 0.6258 1.508 0.897 1.864 2.01 1.644 1.48 1.267 2.045 1.417 2.351 1.848 1.61 2.399 5.506 8.452 1.70141E+038 1.70141E+038 1.70141E+038 1.70141E+038 1.70141E+038 1.70141E+038 1.70141E+038 1.70141E+038 1.70141E+038 1.70141E+038 1.70141E+038 1.70141E+038 1.70141E+038 1.70141E+038 1.70141E+038 1.70141E+038 1.70141E+038 1.70141E+038 1.70141E+038 1.70141E+038 1.70141E+038 1.70141E+038 1.70141E+038
0.714 0.6312 0.5437 0.5387 0.5161 0.8474 0.8096 0.5889 0.7736 0.7194 1.139 0.8228 0.6834 1.253 1.166 0.8766 1.498 1.797 1.791 1.23 1.119 0.9864 2.102 1.593 1.442 0.7663 1.139 1.738 1.4 2.649 1.636 1.29 2.671 4.98 6.915 7.452 1.70141E+038 1.70141E+038 1.70141E+038 1.70141E+038 1.70141E+038 2.496 2.803 1.70141E+038 1.70141E+038 1.70141E+038 1.70141E+038 1.70141E+038 1.70141E+038 1.70141E+038 1.70141E+038 1.70141E+038 11.14 12.06 1.70141E+038 1.70141E+038 1.70141E+038 1.70141E+038
0.8248 0.7022 0.7832 0.6363 0.5499 0.7598 0.8145 0.6784 0.8596 1.004 1.017 0.8425 0.5419 1.42 1.197 0.8072 1.679 0.9449 0.5513 0.9498 0.8158 0.9059 1.841 1.486 2.156 0.9272 1.029 0.9713 3.386 2.93 1.596 2.915 2.238 2.08 2.757 4.902 5.261 1.70141E+038 1.70141E+038 1.70141E+038 4.148 1.052 2.251 2.404 1.70141E+038 1.70141E+038 1.70141E+038 1.70141E+038 1.70141E+038 1.70141E+038 4.647 8.465 10.55 9.781 1.70141E+038 1.70141E+038 1.70141E+038 1.70141E+038
0.8988 0.8758 0.8995 0.85 0.7064 0.8515 1.038 0.9406 1.057 1.085 1.234 1.017 0.5984 0.9632 0.7406 0.6951 1.458 1.074 0.5217 1.21 0.8299 1.512 0.4152 0.8175 2.274 0.7931 1.137 2.752 3.075 1.15 1.384 2.238 1.471 0.9486 1.957 2.184 2.786 2.393 1.70141E+038 1.70141E+038 3.32 1.683 2.049 1.70141E+038 1.70141E+038 1.70141E+038 1.70141E+038 1.70141E+038 1.70141E+038 6.276 6.382 5.612 4.31 4.806 6.479 7.621 1.70141E+038 1.70141E+038
0.8642 0.9739 1.14 0.9369 0.79 1.013 1.245 1.041 1.002 1.325 1.632 1.451 1.178 1.082 0.8682 0.6737 1.013 0.5683 0.6791 1.287 1.643 0.9143 0.7231 1.608 1.712 0.9432 1.92 1.504 0.6522 0.5444 0.4783 1.226 1.144 1.305 1.691 1.093 1.523 1.437 1.70141E+038 1.70141E+038 3.845 1.458 2.361 1.70141E+038 1.70141E+038 1.70141E+038 1.70141E+038 1.70141E+038 6.924 5.977 2.719 1.991 2.189 3.776 5.852 5.124 7.752 14.99
0.9516 0.9721 1.325 1.024 0.8772 1.203 1.507 1.365 1.364 1.485 1.605 1.595 1.73 1.565 0.943 0.5402 0.6946 0.8859 0.7744 1.13 1.926 0.6635 1.031 0.9923 1.008 0.8229 0.7795 1.067 0.8001 0.927 1.115 0.8967 0.5664 1.149 1.127 0.767 1.451 0.6442 1.516 1.70141E+038 2.434 1.479 1.5 0.5576 1.166 2.62 3.813 6.905 10.83 4.879 2.421 1.404 2.003 2.284 3.985 2.735 6.078 12.86
1.231 1.023 1.337 1.074 0.9849 1.261 1.426 1.266 0.9573 1.069 1.336 1.638 1.709 1.093 0.7129 0.5723 0.8436 1.166 1.146 1.075 0.7528 0.5452 0.669 0.6795 0.7643 0.9769 0.9638 0.4939 0.8523 0.6824 0.9816 0.8004 1.071 0.8138 1.409 1.871 0.4645 0.8367 1.342 2.156 1.572 1.089 2.233 1.412 0.6458 1.933 2.611 2.086 7.376 10.27 4.62 1.225 2.075 1.547 2.352 1.862 6.561 9.447
1.525 1.231 1.513 1.268 1.297 1.423 1.285 1.289 1.273 1.432 1.647 1.6 1.289 1.087 0.8485 0.7944 0.6949 1.269 1.06 1.165 0.8699 0.8478 0.6223 0.5175 0.659 0.5819 1.029 1.052 1.709 0.7989 0.4587 1.091 1.397 0.7773 1.109 1.906 0.7178 1.009 1.353 2.667 0.5504 0.7271 2.156 0.9607 1.175 0.7491 2.326 1.408 4.421 11.56 8.273 2.559 1.951 2.418 2.832 2.66 6.887 8.251
1.436 1.245 1.425 1.435 1.482 1.512 1.47 1.828 1.607 1.449 1.605 1.557 1.482 1.485 1.234 1.235 1.356 1.465 1.293 1.353 1.192 0.6833 0.7049 0.4097 0.6859 0.9338 1.173 0.9522 2.253 1.067 0.5329 1.431 0.9905 0.8048 0.992 1.038 0.4922 1.103 1.276 1.649 0.5223 0.817 1.063 0.9988 1.392 1.094 1.995 3.315 6.648 10.2 9.041 4.472 0.8141 1.22 2.026 5.908 7.465 6.954
0.9585 0.7903 0.8708 0.9807 1.613 1.991 2.027 1.877 1.596 1.988 2.376 1.84 1.43 1.527 1.143 1.297 1.38 1.503 1.159 0.9825 1.349 1.536 1.616 1.385 0.8913 1.384 1.318 2.519 2.432 0.8633 0.5585 0.7122 0.4327 0.6025 0.7722 0.6632 0.6709 0.6164 0.7584 1.41 0.5939 0.6264 0.2764 0.5583 1.021 1.231 1.277 5.057 4.035 6.723 10.7 4.85 2.251 1.362 2.161 5.382 6.559 6.669
0.8499 0.8789 1.095 1.014 1.47 1.773 1.655 1.097 0.964 1.504 2.052 1.556 1.183 0.9895 0.9944 0.9223 1.204 1.435 1.466 1.542 1.289 0.9464 1.186 1.162 1.18 1.66 1.182 1.664 2.069 0.8177 0.8307 0.6436 0.6198 0.5089 0.6012 0.6373 0.4771 0.8488 1.115 2.427 1.086 0.7556 0.7436 0.7531 0.8062 1.352 2.13 4.288 1.022 4.985 8.606 4.659 3.69 1.674 2.331 4.779 8.21 5.343
1.736 1.554 1.608 1.6 1.044 0.9282 0.948 0.9197 0.8165 1.08 1.483 1.418 1.976 1.386 1.434 1.102 1.229 1.182 1.005 0.7553 0.9046 1.253 1.299 0.7332 1.89 1.413 1.231 1.363 1.9 2.354 1.737 0.5403 0.3946 0.5804 0.7344 0.5817 0.7538 1.07 2.206 1.034 0.3964 1.038 0.9282 0.8001 1.543 0.7825 2.349 1.846 2.232 4.955 7.005 3.547 2.077 1.501 1.328 4.926 8.067 4.119
1.239 1.266 1.171 1.322 1.317 1.416 1.023 0.9718 0.9272 1.067 1.12 0.9965 1.09 1.548 2.132 1.811 1.767 1.631 1.933 0.9546 1.125 0.9309 1.836 1.82 1.637 0.791 0.9288 1.43 1.855 3.094 2.618 0.8881 0.4177 0.4672 0.8954 1.294 0.9206 2.044 2.656 1.26 0.5555 0.6827 1.206 0.8294 1.105 1.39 3.639 1.139 1.511 5.017 4.663 1.263 0.7204 2.157 1.073 4.439 5.821 4.857
1.166 0.9558 0.8825 0.8512 0.9574 1.102 0.9229 0.8905 0.8817 0.9906 0.9657 1.009 1.238 1.037 1.25 1.997 2.074 1.469 2.151 1.648 1.655 2.15 2.038 2.87 2.057 0.6112 0.672 1.659 2.954 3.54 2.091 0.7945 0.9218 0.6776 1.132 1.927 1.221 1.204 2.328 1.227 0.8149 0.7459 0.9964 0.8745 0.9753 0.9903 2.004 2.115 1.751 5.012 3.02 0.8622 1.037 2.527 0.8336 1.409 1.972 4.075
1.19 0.991 0.9256 0.9068 0.8867 0.882 0.8819 0.9839 0.956 1.083 1.02 0.9904 1.2 1.084 1.279 2.218 1.568 0.8531 0.9329 2.224 3.021 3.126 2.458 2.456 1.425 1.784 0.91 1.999 3.295 3.104 2.348 1.853 1.51 1.506 2.445 1.242 1.108 1.383 2.961 1.307 0.8535 1.062 0.8294 0.9039 1.506 1.12 0.9606 1.683 2.595 5.042 2.61 1.314 1.179 1.001 0.6224 0.7792 1.21 1.725
1.457 1.343 1.348 1.241 1.164 1.143 1.214 1.306 1.133 1.222 1.179 1.327 1.667 1.759 2.135 2.397 1.455 1.254 1.901 2.641 2.517 1.709 1.784 2.431 2.191 2.24 1.96 2.983 3.747 2.563 2.059 2.022 2.024 2.659 2.945 1.452 0.9854 2.89 3.413 1.273 1.352 1.09 1.625 1.407 1.301 1.736 0.8792 1.49 4.778 4.818 1.965 1.584 1.582 0.8519 0.4914 0.9195 1.2 2.092
1.793 1.864 2.024 1.909 1.559 1.276 1.279 1.356 1.223 1.297 1.301 1.43 1.724 2.037 2.096 2.008 1.966 2.188 3.033 3.551 1.494 1.225 2.608 2.432 2.31 2.693 2.852 3.298 3.147 3.305 1.907 1.302 2.286 2.676 3.258 1.924 2.621 3.566 1.667 0.9495 1.806 0.895 1.199 2.852 0.9145 0.9581 2.063 4.878 4.856 2.107 1.32 1.173 0.8635 1.079 0.6092 0.641 1.255 3.549
1.664 2.006 2.403 2.349 1.804 1.016 0.8839 1.335 1.912 2.358 2.417 2.247 2.241 2.322 2.618 3.166 3.329 3.468 3.964 3.136 1.901 2.693 2.967 2.176 1.599 1.839 2.633 1.917 1.363 1.443 1.15 1.904 2.658 3.065 3.01 2.841 3.855 2.67 0.9945 0.8662 1.062 1.447 1.027 1.474 2.168 0.748 3.698 4.29 2.727 2.927 1.949 0.7351 0.9521 0.6658 1.068 1.471 1.211 2.416
