data/AtlasDataNEP05_1_1_uni_z50.5.wrm.e_m.ASC
ncols         225 
nrows         153
xllcorner     220 
yllcorner     2800 
cellsize       5
NODATA_value  1.70141e+038
[rows 78 to 103 of 153, columns 116 to 173 of 225]
3.712 17.87 13.82 11.4 15.21 22.69 1.971 5.534 22.19 341.9 146.3 38.43 73.47 44.56 45.28 39.57 78.72 212.5 146.8 85.07 46.07 63.88 162.4 1.70141E+038 1.70141E+038 1.70141E+038 1.70141E+038 1.70141E+038 1.70141E+038 1.70141E+038 1.70141E+038 1.70141E+038 1.70141E+038 1.70141E+038 1.70141E+038 1.70141E+038 1.70141E+038 1.70141E+038 1.70141E+038 1.70141E+038 1.70141E+038 1.70141E+038 1.70141E+038 1.70141E+038 1.70141E+038 1.70141E+038 1.70141E+038 1.70141E+038 1.70141E+038 1.70141E+038 1.70141E+038 1.70141E+038 1.70141E+038 1.70141E+038 1.70141E+038 1.70141E+038 1.70141E+038 1.70141E+038
168.4 22.72 40.68 22.24 13.29 5.447 0.6379 1.171 46.63 462.7 306.5 16.86 19.42 7.602 8.452 24.57 21.22 86.82 61.38 79.44 125.5 92.69 122.2 1.70141E+038 1.70141E+038 1.70141E+038 1.70141E+038 1.70141E+038 1.70141E+038 1.70141E+038 1.70141E+038 1.70141E+038 1.70141E+038 1.70141E+038 1.70141E+038 1.70141E+038 1.70141E+038 1.70141E+038 1.70141E+038 1.70141E+038 1.70141E+038 1.70141E+038 1.70141E+038 1.70141E+038 1.70141E+038 1.70141E+038 1.70141E+038 1.70141E+038 1.70141E+038 1.70141E+038 1.70141E+038 1.70141E+038 1.70141E+038 1.70141E+038 1.70141E+038 1.70141E+038 1.70141E+038 1.70141E+038
89.59 1292 107.1 32.31 14.58 17.66 7.827 4.047 19.7 190.9 989.2 24.19 21.67 14.93 6.357 2.689 5.252 6.484 3.901 6.484 52.99 59.55 1.70141E+038 1.70141E+038 1.70141E+038 1.70141E+038 1.70141E+038 1.70141E+038 1.70141E+038 1.70141E+038 1.70141E+038 1.70141E+038 1.70141E+038 1.70141E+038 1.70141E+038 1.70141E+038 1.70141E+038 1.70141E+038 1.70141E+038 1.70141E+038 1.70141E+038 1.70141E+038 1.70141E+038 1.70141E+038 1.70141E+038 1.70141E+038 1.70141E+038 1.70141E+038 1.70141E+038 1.70141E+038 1.70141E+038 1.70141E+038 1.70141E+038 1.70141E+038 1.70141E+038 1.70141E+038 1.70141E+038 1.70141E+038
33.78 98.17 243.1 224.9 11.84 0.8136 4.904 4.425 15.23 41.64 399.1 571.1 140.9 76.52 2.463 0.7513 0.981 1.73 5.616 17.27 21.58 21.63 1.70141E+038 1.70141E+038 1.70141E+038 1.70141E+038 1.70141E+038 1.70141E+038 1.70141E+038 1.70141E+038 1.70141E+038 1.70141E+038 1.70141E+038 1.70141E+038 1.70141E+038 1.70141E+038 1.70141E+038 1.70141E+038 1.70141E+038 1.70141E+038 1.70141E+038 1.70141E+038 1.70141E+038 1.70141E+038 1.70141E+038 1.70141E+038 1.70141E+038 1.70141E+038 1.70141E+038 1.70141E+038 1.70141E+038 1.70141E+038 1.70141E+038 1.70141E+038 1.70141E+038 1.70141E+038 1.70141E+038 1.70141E+038
9.627 12.46 26.09 7.042 8.414 1.503 10.78 0.6672 14.4 33.29 23.66 1082 612.9 11.01 13.77 7.602 2.958 1.655 129.2 45.46 54.34 208.3 1.70141E+038 1.70141E+038 1.70141E+038 1.70141E+038 1.70141E+038 1.70141E+038 1.70141E+038 1.70141E+038 1.70141E+038 1.70141E+038 1.70141E+038 1.70141E+038 1.70141E+038 1.70141E+038 1.70141E+038 1.70141E+038 1.70141E+038 1.70141E+038 1.70141E+038 1.70141E+038 1.70141E+038 1.70141E+038 1.70141E+038 1.70141E+038 1.70141E+038 1.70141E+038 1.70141E+038 1.70141E+038 1.70141E+038 1.70141E+038 1.70141E+038 1.70141E+038 1.70141E+038 1.70141E+038 1.70141E+038 1.70141E+038
1.18 2.772 1.856 18.58 1.376 1.195 14.79 0.4862 2.514 4.645 26.09 73.36 488.8 291.7 73.31 11.32 12.57 4.182 87.98 218.6 278.2 667.7 244.5 1.70141E+038 1.70141E+038 1.70141E+038 1.70141E+038 1.70141E+038 1.70141E+038 1.70141E+038 1.70141E+038 1.70141E+038 1.70141E+038 1.70141E+038 1.70141E+038 1.70141E+038 1.70141E+038 1.70141E+038 1.70141E+038 1.70141E+038 1.70141E+038 1.70141E+038 1.70141E+038 1.70141E+038 1.70141E+038 1.70141E+038 1.70141E+038 1.70141E+038 1.70141E+038 1.70141E+038 1.70141E+038 1.70141E+038 1.70141E+038 1.70141E+038 1.70141E+038 1.70141E+038 1.70141E+038 1.70141E+038
0.6624 3.426 9.004 2.262 1.574 0.9829 5.717 0.6263 2.047 1.023 2.33 25.68 142.3 13.8 14.67 7.478 21.04 4.374 2.512 25.52 57.69 380.2 369.7 68.23 1.70141E+038 21.29 13.83 8.863 9.281 24.76 31.37 1.70141E+038 1.70141E+038 1.70141E+038 1.70141E+038 1.70141E+038 1.70141E+038 1.70141E+038 1.70141E+038 1.70141E+038 1.70141E+038 1.70141E+038 1.70141E+038 1.70141E+038 1.70141E+038 1.70141E+038 1.70141E+038 1.70141E+038 1.70141E+038 1.70141E+038 1.70141E+038 1.70141E+038 1.70141E+038 1.70141E+038 1.70141E+038 1.70141E+038 1.70141E+038 1.70141E+038
0.278 2.087 2.161 2.083 2.48 0.6123 0.7396 1.11 1.238 1.706 1.845 16.46 3.036 4.995 0.5528 3.046 27.8 14.09 3.134 3.475 11.6 4.38 191.9 45.21 7.058 20.01 8.064 21.02 28.79 133 86.22 121.6 218.7 1.70141E+038 1.70141E+038 1.70141E+038 1.70141E+038 1.70141E+038 1.70141E+038 1.70141E+038 1.70141E+038 1.70141E+038 1.70141E+038 1.70141E+038 1.70141E+038 1.70141E+038 1.70141E+038 1.70141E+038 1.70141E+038 1.70141E+038 1.70141E+038 1.70141E+038 1.70141E+038 1.70141E+038 1.70141E+038 1.70141E+038 1.70141E+038 1.70141E+038
0.4282 1.537 2.587 2.887 3.812 2.171 0.9032 0.7438 0.9699 0.8804 1.18 1.596 1.849 1.226 1.51 2.251 20.98 23.31 19.6 0.5645 4.058 1.622 30.49 24.8 6.689 9.709 2.917 11.44 3.71 12.56 9.863 13.88 75.65 337.4 1014 1.70141E+038 1.70141E+038 1.70141E+038 1.70141E+038 1.70141E+038 1.70141E+038 1.70141E+038 1.70141E+038 1.70141E+038 1.70141E+038 1.70141E+038 1.70141E+038 1.70141E+038 1.70141E+038 1.70141E+038 1.70141E+038 1.70141E+038 1.70141E+038 1.70141E+038 1.70141E+038 1.70141E+038 1.70141E+038 1.70141E+038
0.8607 0.8394 0.4463 0.329 0.421 1.258 1.241 0.6936 0.7195 0.8868 1.934 0.7258 0.3436 1.998 4.124 1.155 12.89 5.873 7.27 3.685 2.263 1.74 20.66 7.101 5.723 3.166 2.472 8.745 3.691 35.46 13.52 9.415 47.33 219.1 596 631.1 1.70141E+038 1.70141E+038 1.70141E+038 1.70141E+038 1.70141E+038 22.02 37.01 1.70141E+038 1.70141E+038 1.70141E+038 1.70141E+038 1.70141E+038 1.70141E+038 1.70141E+038 1.70141E+038 1.70141E+038 1899 3032 1.70141E+038 1.70141E+038 1.70141E+038 1.70141E+038
1.106 0.7518 1.033 0.4592 0.294 0.8679 1.395 0.8504 1.258 2.087 1.96 0.8019 0.2579 2.638 2.646 1.092 12.32 2.677 0.222 3.04 1.474 1.623 9.196 3.378 14.88 2.451 2.818 1.398 43 40.3 9.94 47.47 35.83 14.35 42.61 239.6 274.4 1.70141E+038 1.70141E+038 1.70141E+038 89.13 2.378 23.22 35.08 1.70141E+038 1.70141E+038 1.70141E+038 1.70141E+038 1.70141E+038 1.70141E+038 246.2 729.8 1524 1346 1.70141E+038 1.70141E+038 1.70141E+038 1.70141E+038
1.364 1.165 1.182 0.7445 0.5398 1.15 1.756 1.424 2.072 2.496 3.126 1.801 0.3282 1.216 0.5647 0.5359 11.48 1.894 0.3038 2.89 1.22 4.735 0.3433 2.073 20.11 0.9598 2.143 34.94 62.98 2.41 3.208 9.579 3.043 0.9564 7.988 28.27 110.5 89.94 1.70141E+038 1.70141E+038 49.36 5.874 10.73 1.70141E+038 1.70141E+038 1.70141E+038 1.70141E+038 1.70141E+038 1.70141E+038 414.8 408.3 389.1 236 261.1 357.7 550.8 1.70141E+038 1.70141E+038
0.9465 1.049 1.655 0.9963 0.7341 1.509 2.3 1.784 1.85 3.483 5.825 4.17 2.128 1.638 0.7996 0.5166 2.753 0.2783 0.3672 3.069 5.881 1.336 1.047 7.293 8.77 1.824 8.22 7.661 0.3626 0.3527 0.2472 2.295 1.453 2.082 5.472 1.815 12.63 13.3 1.70141E+038 1.70141E+038 74.99 7.121 17.93 1.70141E+038 1.70141E+038 1.70141E+038 1.70141E+038 1.70141E+038 658.7 322.8 55.18 25.74 74.45 133.5 252.6 179.3 751.9 6141
1.282 1.013 2.172 1.146 0.9655 2.017 3.107 2.548 3.037 4.038 4.739 4.419 5.09 5.037 1.573 0.2131 0.3927 0.7527 0.5371 2.433 8.409 0.5091 1.02 1.355 1.173 0.9941 1.141 1.669 0.9023 1.264 1.396 1.913 0.4241 1.587 2.217 0.9099 4.396 1.389 8.04 1.70141E+038 27.85 9.423 3.737 0.2716 10.37 36.86 89.75 480.3 2010 501.3 26.27 5.654 13.63 35.87 93.01 31.13 297 3311
2.367 1.156 2.373 1.136 1.242 2.038 2.454 1.881 0.9916 1.239 2.289 4.002 4.554 2.431 0.8641 0.3129 0.7341 1.56 1.498 1.674 1.161 0.5094 0.3014 0.4843 0.8143 1.121 1.166 0.2259 1.008 0.5867 0.9868 0.9046 2.748 0.7757 5.815 12.97 0.1533 2.394 3.789 15.57 10.09 3.129 17.47 8.058 0.5499 15.35 27.42 15.53 609.5 1958 115.2 3.788 11.86 6.907 20.97 7.32 363.6 1293
4.165 1.925 3.451 1.985 2.733 3.19 2.294 3.822 2.566 3.334 4.112 3.76 2.173 1.548 0.8136 0.7552 0.54 2.28 2.339 3.252 2.491 1.001 0.4239 0.4377 0.5569 0.5994 2.339 3.648 4.908 0.5603 0.1304 1.533 6.073 0.5995 6.202 18.42 0.5717 2.166 3.725 26.81 0.2839 0.9913 16.93 6.43 5.056 1.364 25.09 7.348 134.3 2355 909.7 32.91 12.33 26.36 38.03 41.4 377.3 697.9
3.424 2.134 2.942 2.847 3.908 4.887 5.133 9.286 7.128 7.901 5.522 3.216 2.696 2.794 1.883 1.976 2.972 4.772 3.964 3.872 2.423 0.5465 0.5273 0.1549 0.3998 0.8507 1.922 2.988 12.51 1.625 0.1407 3.407 2.358 0.6526 3.831 4.388 0.167 2.323 4.077 8.337 0.1723 0.7448 1.49 2.143 7.563 2.224 14.13 52.12 406.8 1796 1525 185.3 1.396 7.889 14.99 355.7 576.9 489.7
1.387 0.9162 1.162 1.664 5.458 8.031 10.1 7.352 3.93 7.316 11.42 5.16 2.948 3.108 1.587 2.487 3.14 3.988 2.521 2.246 3.111 3.516 3.615 2.165 1.127 2.862 2.71 15.53 18.51 0.7714 0.2201 0.435 0.2745 0.5236 1.38 0.5969 0.4 0.3926 0.7552 5.838 0.4838 0.4103 0.02964 0.2674 3.579 4.228 6.6 178.2 192.9 588.7 2178 313.5 29.47 8.815 16.67 284.6 491.4 468.6
1.897 1.894 2.605 2.777 6.748 6.371 5.742 2.217 1.143 3.563 8.605 4.389 3.339 1.88 1.591 0.8458 2.055 3.28 3.155 3.814 2.195 1.288 2.039 2.004 2.095 4.715 2.326 5.2 8.359 0.5929 0.5916 0.3235 0.6618 0.4805 0.3915 0.2312 0.1472 1.162 2.002 21.92 1.569 0.458 0.534 0.4503 1.727 6.62 25.04 142.6 3.848 218.8 1389 383.5 102.6 14.44 32.31 193.4 966.8 406.6
5.759 4.809 4.96 5.334 1.85 1.457 1.188 0.8328 0.9524 2.16 3.68 2.542 7.28 3.754 4.095 1.774 2.101 1.987 1.381 0.6289 0.8292 2.015 2.373 0.6771 6.282 3.116 2.164 2.994 5.972 14.15 5.092 0.1993 0.1981 0.2127 0.5641 0.2569 0.4007 2.683 11.21 3.629 0.1242 1.286 1.021 0.7104 8.09 1.35 25 19.61 13.86 169.4 663.9 124.2 13.48 6.84 9.907 190.9 941.4 170
2.866 2.425 1.891 2.09 2.192 2.897 1.478 1.509 1.58 1.932 1.885 1.382 1.804 5.414 9.073 5.961 6.678 4.428 7.613 2.297 2.096 3.155 8.2 8.462 5.049 0.5823 0.7007 2.69 5.862 30.07 20.87 0.8333 0.1829 0.1762 1.073 2.358 0.8181 8.316 24.66 5.456 0.2766 0.558 2.166 1.303 2.847 2.865 61.91 2.409 3.096 154.7 210.5 3.674 0.556 14.26 1.961 149.8 432 199.4
2.71 1.726 1.59 1.275 1.555 1.838 1.009 0.9742 1.076 1.408 1.731 1.988 2.183 1.662 3.45 9.083 11.32 4.2 10.22 5.817 10.65 15.4 12.27 27.33 9.643 0.4523 0.2911 4.154 25.41 51.64 12.4 0.6402 0.861 0.524 1.57 8.419 1.903 2.349 18.64 6.351 0.5233 0.8885 1.284 0.8484 0.9525 2.498 18.99 12.83 5.15 153 44.14 0.7381 1.768 20.58 1.045 14.76 29.83 104.5
2.401 1.677 1.368 1.251 1.198 1.183 1.198 1.347 1.379 1.656 1.88 1.874 2.138 1.686 2.423 10.28 4.559 0.6732 1.323 12.13 34.33 37.29 17.97 17.19 3.129 5.621 0.7303 9.364 40.92 36.33 16.1 6.575 3.138 3.232 11.21 2.135 1.963 3.158 35.68 6.001 0.5463 2.708 0.6404 0.7865 4.661 2.366 0.9955 7.339 28.14 200.3 44.33 4.544 1.788 2.36 0.4783 0.6918 2.378 12.88
3.305 2.705 2.595 2.221 1.796 1.548 1.71 1.976 1.497 1.806 1.99 2.967 4.997 6.021 9.448 13.23 3.815 2.744 7.183 17.55 19.14 8.281 8.831 14.94 10.43 11.31 8.82 30.51 67.37 23.85 13.59 10.28 8.028 14.95 22.59 2.864 0.9043 26.19 56.26 3.603 2.837 1.828 4.793 3.08 3.13 6.718 0.8841 4.195 137.4 222.8 40.9 5.634 4.515 0.8841 0.1273 1.532 1.981 13.99
5.337 6.208 7.518 6.27 3.251 1.853 1.817 2.371 1.956 2.341 2.472 3.54 6.012 9.321 10.04 8.404 8.367 10.73 22.95 43.53 5.138 4.159 25.11 15.84 14.21 23.93 30.24 46.81 43.26 50.46 9.079 3.218 11.53 16.5 31.71 7.068 16.38 56.51 13.31 0.8675 7.131 0.7802 1.995 32.32 1.25 1.154 11.01 132.6 183.8 23.15 7.114 3.432 1.297 1.54 0.3754 0.5933 4.904 64.23
4.274 7.575 12.02 11.19 5.005 1.68 1.407 2.442 5.529 10.01 11.78 11.01 11.07 12.43 17.74 28.01 31.42 34.13 48.74 28.21 8.051 21.21 29.45 11.06 5.232 11.05 24.16 12.26 5.126 4.165 3.774 8.951 18.6 29.41 29.16 22.45 60.11 34.33 5.426 0.7834 1.505 3.16 2.433 7.497 11.41 0.5274 53.81 122.6 60.39 54.43 20.65 0.509 2.759 0.5106 4.285 9.985 7.947 23.55
