data/AtlasDataNEP05_1_1_uni_z0.5.wam.u_m.ASC
ncols         225 
nrows         153
xllcorner     220 
yllcorner     2800 
cellsize       5
NODATA_value  1.70141e+038
[rows 104 to 129 of 153, columns 116 to 173 of 225]
2.227 2.398 1.70141E+038 2.771 2.658 1.951 1.422 1.638 2.297 2.893 3.329 3.435 3.328 3.21 3.424 3.736 3.986 4.299 4.852 4.726 4.352 4.081 3.584 2.46 1.567 1.442 1.208 0.9878 0.8939 0.973 0.9347 0.75 1.288 1.455 2.23 2.874 3.55 2.694 1.702 0.5974 0.5869 1.869 2.006 0.7107 1.452 1.428 3.327 1.523 2.926 0.8738 1.299 1.303 1.174 0.7518 0.5759 1.324 0.6621 2.416
1.70141E+038 1.70141E+038 1.70141E+038 1.70141E+038 1.70141E+038 2.425 2.824 3.021 3.195 3.493 3.51 3.135 2.63 2.73 3.076 3.136 3.345 3.966 4.835 5.196 5.243 5 3.914 2.158 1.77 1.543 1.374 1.134 1.064 1.224 1.4 1.105 0.9251 1.088 1.208 1.953 2.721 2.471 1.547 1.335 1.013 2.006 1.961 1.076 0.8498 1.825 2.597 1.399 1.367 1.559 0.822 0.8077 1.155 0.8188 0.7656 0.7982 1.055 1.035
1.70141E+038 1.70141E+038 1.70141E+038 1.70141E+038 1.70141E+038 1.70141E+038 3.329 3.372 3.038 2.868 2.435 1.821 1.777 1.877 2.262 2.73 3.509 4.296 4.692 5.026 5.084 4.427 3.468 2.349 1.803 1.607 1.04 0.8604 0.9836 1.038 1.444 1.197 1.087 1.071 1.713 1.489 1.069 1.291 1.751 1.389 1.56 1.791 2.212 0.943 1.181 1.661 2.831 1.572 1.421 1.479 1.003 0.8268 1.085 0.8594 0.6912 0.7062 0.9701 2.174
1.70141E+038 1.70141E+038 1.70141E+038 1.70141E+038 1.70141E+038 1.70141E+038 1.70141E+038 1.70141E+038 1.70141E+038 1.70141E+038 1.70141E+038 1.70141E+038 2.253 2.373 2.524 2.923 3.63 4.198 4.596 4.409 4.1 3.849 3.619 3.15 2.741 2.658 2.171 1.564 1.521 1.57 1.745 1.736 1.69 1.73 1.873 1.426 1.1 1.158 1.474 2.41 3.206 2.889 2.046 1.811 2.44 3.872 2.165 1.883 1.144 0.9834 1.166 1.469 1.281 0.9163 0.9435 1.604 0.8864 1.931
1.70141E+038 1.70141E+038 1.70141E+038 1.70141E+038 1.70141E+038 1.70141E+038 1.70141E+038 1.70141E+038 1.70141E+038 1.70141E+038 1.70141E+038 1.70141E+038 1.70141E+038 2.967 3.169 3.214 3.523 3.882 4.179 4.242 3.81 3.251 2.766 3.133 3.883 4.097 3.17 1.627 1.252 1.014 0.8994 1.086 1.229 1.199 1.118 1.214 1.193 1.448 1.725 2.027 1.965 2.596 2.587 2.854 3.33 3.915 2.287 2.222 1.46 1.678 1.875 1.34 1.603 1.364 1.073 1.709 1.902 1.258
1.70141E+038 1.70141E+038 1.70141E+038 1.70141E+038 1.70141E+038 1.70141E+038 1.70141E+038 1.70141E+038 1.70141E+038 1.70141E+038 1.70141E+038 1.70141E+038 1.70141E+038 3.263 3.376 3.402 3.526 3.73 4.065 4.275 4.369 4.451 4.378 4.114 3.654 3.098 3.149 3.366 2.709 1.305 0.9131 0.8425 0.7932 0.8787 1.099 2.008 2.472 2.639 2.77 3.126 2.536 2.196 1.67 1.641 2.905 3.443 1.611 1.555 1.337 1.658 1.999 2.026 2.432 1.427 1.235 1.516 1.395 3.364
1.70141E+038 1.70141E+038 1.70141E+038 1.70141E+038 1.70141E+038 1.70141E+038 1.70141E+038 1.70141E+038 1.70141E+038 1.70141E+038 1.70141E+038 1.70141E+038 1.70141E+038 3.382 3.495 3.552 3.616 3.769 3.867 4.074 4.264 4.392 4.505 4.601 4.543 4.393 3.941 3.069 2.165 1.966 2.36 2.352 1.94 1.9 2.075 2.482 2.735 2.87 3.079 2.942 2.599 1.914 1.622 2.307 3.823 3.862 3.038 1.004 1.556 1.589 2.5 2.619 2.429 2.833 1.887 1.651 2.733 3.353
1.70141E+038 1.70141E+038 1.70141E+038 1.70141E+038 1.70141E+038 1.70141E+038 1.70141E+038 1.70141E+038 1.70141E+038 1.70141E+038 1.70141E+038 1.70141E+038 1.70141E+038 3.391 3.538 3.676 3.761 3.866 3.962 4.074 4.277 4.503 4.561 4.709 4.675 4.599 4.522 4.206 3.932 3.468 2.863 2.234 1.914 2.044 2.539 2.963 3.441 3.361 3.062 2.649 2.619 3.079 3.33 3.056 3.377 2.242 1.237 1.513 1.743 1.606 2.598 2.947 3.518 1.92 2.804 1.522 1.139 2.108
1.70141E+038 1.70141E+038 1.70141E+038 1.70141E+038 1.70141E+038 1.70141E+038 1.70141E+038 1.70141E+038 1.70141E+038 1.70141E+038 1.70141E+038 1.70141E+038 3.184 3.353 3.505 3.633 3.766 3.858 3.907 4.073 4.271 4.406 4.465 4.524 4.621 4.638 4.567 4.371 4.096 3.827 3.618 3.294 3.097 3.069 3.144 3.195 3.263 3.291 3.649 3.959 4.11 3.473 2.682 2.078 2.156 1.864 1.34 1.207 1.233 1.357 1.608 3.411 2.874 1.596 2.398 1.494 1.641 1.743
1.70141E+038 1.70141E+038 1.70141E+038 1.70141E+038 1.70141E+038 1.70141E+038 1.70141E+038 1.70141E+038 1.70141E+038 1.70141E+038 1.70141E+038 1.70141E+038 3.18 3.32 3.463 3.624 3.751 3.872 3.976 4.112 4.298 4.41 4.437 4.502 4.594 4.607 4.594 4.556 4.486 4.393 4.131 3.842 3.6 3.51 3.487 3.415 3.399 3.411 3.718 3.972 3.884 3.715 3.548 3.149 2.624 1.933 1.538 1.145 0.9383 1.356 2.343 4.771 3.849 1.729 2.311 2.215 2.656 2.43
1.70141E+038 1.70141E+038 1.70141E+038 1.70141E+038 1.70141E+038 1.70141E+038 1.70141E+038 1.70141E+038 1.70141E+038 1.70141E+038 1.70141E+038 1.70141E+038 1.70141E+038 1.70141E+038 1.70141E+038 1.70141E+038 3.701 3.82 3.907 4.089 4.256 4.368 4.416 4.472 4.51 4.57 4.583 4.597 4.562 4.5 4.435 4.327 4.194 4.034 3.871 3.779 3.704 3.777 3.956 4.065 4.101 3.991 3.752 3.401 3.228 3.29 3.263 2.802 2.722 3.042 4.847 5.334 4.855 3.035 2.275 2.835 1.84 1.696
1.70141E+038 1.70141E+038 1.70141E+038 1.70141E+038 1.70141E+038 1.70141E+038 1.70141E+038 1.70141E+038 1.70141E+038 1.70141E+038 1.70141E+038 1.70141E+038 1.70141E+038 1.70141E+038 1.70141E+038 1.70141E+038 1.70141E+038 1.70141E+038 1.70141E+038 4.015 4.181 4.292 4.344 4.406 4.496 4.537 4.577 4.585 4.604 4.606 4.575 4.516 4.427 4.29 4.157 3.999 3.993 3.988 4.061 4.125 4.073 3.749 3.405 3.414 3.793 4.248 4.474 4.529 4.463 4.894 5.389 4.857 4.194 3.226 2.436 2.38 1.914 2.167
1.70141E+038 1.70141E+038 1.70141E+038 1.70141E+038 1.70141E+038 1.70141E+038 1.70141E+038 1.70141E+038 1.70141E+038 1.70141E+038 1.70141E+038 1.70141E+038 1.70141E+038 1.70141E+038 1.70141E+038 1.70141E+038 1.70141E+038 1.70141E+038 1.70141E+038 3.983 4.089 4.171 4.263 4.367 4.438 4.524 4.548 4.601 4.619 4.614 4.621 4.617 4.597 4.523 4.398 4.334 4.229 4.193 4.21 4.206 4.152 4.016 3.889 4.173 4.42 4.734 4.86 4.996 5.076 4.914 4.975 4.294 4.142 3.958 3.688 3.035 2.247 1.975
1.70141E+038 1.70141E+038 1.70141E+038 1.70141E+038 1.70141E+038 1.70141E+038 1.70141E+038 1.70141E+038 1.70141E+038 1.70141E+038 1.70141E+038 1.70141E+038 1.70141E+038 1.70141E+038 1.70141E+038 1.70141E+038 1.70141E+038 1.70141E+038 1.70141E+038 1.70141E+038 3.999 4.104 1.70141E+038 4.306 4.403 4.448 4.516 4.565 4.629 4.666 4.692 4.674 1.70141E+038 4.573 4.548 4.454 4.431 4.369 4.351 4.294 4.156 4.024 3.947 4.031 4.23 4.391 4.642 4.801 4.793 4.577 4.695 4.96 5.079 5.145 4.57 3.883 2.941 2.194
1.70141E+038 1.70141E+038 1.70141E+038 1.70141E+038 1.70141E+038 1.70141E+038 1.70141E+038 1.70141E+038 1.70141E+038 1.70141E+038 1.70141E+038 1.70141E+038 1.70141E+038 1.70141E+038 1.70141E+038 1.70141E+038 1.70141E+038 1.70141E+038 1.70141E+038 1.70141E+038 1.70141E+038 1.70141E+038 1.70141E+038 4.251 4.321 4.398 4.465 4.532 4.585 4.624 1.70141E+038 1.70141E+038 1.70141E+038 1.70141E+038 4.659 4.658 4.572 4.527 4.49 4.425 4.37 4.337 4.285 4.253 4.3 4.379 4.512 4.57 4.588 4.39 4.257 4.629 5.094 5.319 5.184 5.039 4.733 4.16
1.70141E+038 1.70141E+038 1.70141E+038 1.70141E+038 1.70141E+038 1.70141E+038 1.70141E+038 1.70141E+038 1.70141E+038 1.70141E+038 1.70141E+038 1.70141E+038 1.70141E+038 1.70141E+038 1.70141E+038 1.70141E+038 1.70141E+038 1.70141E+038 1.70141E+038 1.70141E+038 1.70141E+038 1.70141E+038 1.70141E+038 1.70141E+038 4.255 4.327 4.385 4.452 1.70141E+038 1.70141E+038 1.70141E+038 1.70141E+038 1.70141E+038 1.70141E+038 4.722 4.674 4.668 4.617 4.568 4.547 4.517 4.545 4.491 4.444 4.419 4.441 4.417 4.426 4.342 4.196 4.265 4.738 5.227 5.585 5.512 5.483 5.362 4.925
1.70141E+038 1.70141E+038 1.70141E+038 1.70141E+038 1.70141E+038 1.70141E+038 1.70141E+038 1.70141E+038 1.70141E+038 1.70141E+038 1.70141E+038 1.70141E+038 1.70141E+038 1.70141E+038 1.70141E+038 1.70141E+038 1.70141E+038 1.70141E+038 1.70141E+038 1.70141E+038 1.70141E+038 1.70141E+038 1.70141E+038 1.70141E+038 1.70141E+038 1.70141E+038 1.70141E+038 1.70141E+038 1.70141E+038 1.70141E+038 1.70141E+038 1.70141E+038 1.70141E+038 1.70141E+038 4.695 4.712 4.677 4.687 4.696 4.668 4.64 4.616 4.606 4.614 4.596 4.58 4.613 4.607 4.659 4.663 4.709 4.891 5.084 5.149 5.298 5.255 5.138 4.625
1.70141E+038 1.70141E+038 1.70141E+038 1.70141E+038 1.70141E+038 1.70141E+038 1.70141E+038 1.70141E+038 1.70141E+038 1.70141E+038 1.70141E+038 1.70141E+038 1.70141E+038 1.70141E+038 1.70141E+038 1.70141E+038 1.70141E+038 1.70141E+038 1.70141E+038 1.70141E+038 1.70141E+038 1.70141E+038 1.70141E+038 1.70141E+038 1.70141E+038 1.70141E+038 1.70141E+038 1.70141E+038 1.70141E+038 1.70141E+038 1.70141E+038 1.70141E+038 1.70141E+038 1.70141E+038 4.687 4.662 4.697 4.71 4.688 4.682 1.70141E+038 4.671 4.658 4.652 4.659 4.658 4.635 4.68 4.695 4.763 4.838 4.936 4.976 4.993 5.013 4.919 4.843 4.821
1.70141E+038 1.70141E+038 1.70141E+038 1.70141E+038 1.70141E+038 1.70141E+038 1.70141E+038 1.70141E+038 1.70141E+038 1.70141E+038 1.70141E+038 1.70141E+038 1.70141E+038 1.70141E+038 1.70141E+038 1.70141E+038 1.70141E+038 1.70141E+038 1.70141E+038 1.70141E+038 1.70141E+038 1.70141E+038 1.70141E+038 1.70141E+038 1.70141E+038 1.70141E+038 1.70141E+038 1.70141E+038 1.70141E+038 1.70141E+038 1.70141E+038 1.70141E+038 1.70141E+038 1.70141E+038 1.70141E+038 1.70141E+038 4.67 4.698 4.72 1.70141E+038 1.70141E+038 1.70141E+038 1.70141E+038 1.70141E+038 4.702 1.70141E+038 1.70141E+038 4.764 4.82 4.863 4.877 4.903 4.914 4.865 4.815 4.871 4.862 4.841
1.70141E+038 1.70141E+038 1.70141E+038 1.70141E+038 1.70141E+038 1.70141E+038 1.70141E+038 1.70141E+038 1.70141E+038 1.70141E+038 1.70141E+038 1.70141E+038 1.70141E+038 1.70141E+038 1.70141E+038 1.70141E+038 1.70141E+038 1.70141E+038 1.70141E+038 1.70141E+038 1.70141E+038 1.70141E+038 1.70141E+038 1.70141E+038 1.70141E+038 1.70141E+038 1.70141E+038 1.70141E+038 1.70141E+038 1.70141E+038 1.70141E+038 1.70141E+038 1.70141E+038 1.70141E+038 1.70141E+038 1.70141E+038 1.70141E+038 1.70141E+038 1.70141E+038 1.70141E+038 1.70141E+038 1.70141E+038 1.70141E+038 1.70141E+038 1.70141E+038 1.70141E+038 1.70141E+038 1.70141E+038 1.70141E+038 1.70141E+038 4.951 4.948 4.901 4.894 4.911 4.88 4.882 4.92
1.70141E+038 1.70141E+038 1.70141E+038 1.70141E+038 1.70141E+038 1.70141E+038 1.70141E+038 1.70141E+038 1.70141E+038 1.70141E+038 1.70141E+038 1.70141E+038 1.70141E+038 1.70141E+038 1.70141E+038 1.70141E+038 1.70141E+038 1.70141E+038 1.70141E+038 1.70141E+038 1.70141E+038 1.70141E+038 1.70141E+038 1.70141E+038 1.70141E+038 1.70141E+038 1.70141E+038 1.70141E+038 1.70141E+038 1.70141E+038 1.70141E+038 1.70141E+038 1.70141E+038 1.70141E+038 1.70141E+038 1.70141E+038 1.70141E+038 1.70141E+038 1.70141E+038 1.70141E+038 1.70141E+038 1.70141E+038 1.70141E+038 1.70141E+038 1.70141E+038 1.70141E+038 1.70141E+038 1.70141E+038 1.70141E+038 1.70141E+038 1.70141E+038 4.938 4.957 4.932 4.89 4.916 4.908 4.862
1.70141E+038 1.70141E+038 1.70141E+038 1.70141E+038 1.70141E+038 1.70141E+038 1.70141E+038 1.70141E+038 1.70141E+038 1.70141E+038 1.70141E+038 1.70141E+038 1.70141E+038 1.70141E+038 1.70141E+038 1.70141E+038 1.70141E+038 1.70141E+038 1.70141E+038 1.70141E+038 1.70141E+038 1.70141E+038 1.70141E+038 1.70141E+038 1.70141E+038 1.70141E+038 1.70141E+038 1.70141E+038 1.70141E+038 1.70141E+038 1.70141E+038 1.70141E+038 1.70141E+038 1.70141E+038 1.70141E+038 1.70141E+038 1.70141E+038 1.70141E+038 1.70141E+038 1.70141E+038 1.70141E+038 1.70141E+038 1.70141E+038 1.70141E+038 1.70141E+038 1.70141E+038 1.70141E+038 1.70141E+038 1.70141E+038 1.70141E+038 1.70141E+038 1.70141E+038 1.70141E+038 1.70141E+038 4.922 4.949 1.70141E+038 1.70141E+038
1.70141E+038 1.70141E+038 1.70141E+038 1.70141E+038 1.70141E+038 1.70141E+038 1.70141E+038 1.70141E+038 1.70141E+038 1.70141E+038 1.70141E+038 1.70141E+038 1.70141E+038 1.70141E+038 1.70141E+038 1.70141E+038 1.70141E+038 1.70141E+038 1.70141E+038 1.70141E+038 1.70141E+038 1.70141E+038 1.70141E+038 1.70141E+038 1.70141E+038 1.70141E+038 1.70141E+038 1.70141E+038 1.70141E+038 1.70141E+038 1.70141E+038 1.70141E+038 1.70141E+038 1.70141E+038 1.70141E+038 1.70141E+038 1.70141E+038 1.70141E+038 1.70141E+038 1.70141E+038 1.70141E+038 1.70141E+038 1.70141E+038 1.70141E+038 1.70141E+038 1.70141E+038 1.70141E+038 1.70141E+038 1.70141E+038 1.70141E+038 1.70141E+038 1.70141E+038 1.70141E+038 1.70141E+038 1.70141E+038 1.70141E+038 1.70141E+038 1.70141E+038
1.70141E+038 1.70141E+038 1.70141E+038 1.70141E+038 1.70141E+038 1.70141E+038 1.70141E+038 1.70141E+038 1.70141E+038 1.70141E+038 1.70141E+038 1.70141E+038 1.70141E+038 1.70141E+038 1.70141E+038 1.70141E+038 1.70141E+038 1.70141E+038 1.70141E+038 1.70141E+038 1.70141E+038 1.70141E+038 1.70141E+038 1.70141E+038 1.70141E+038 1.70141E+038 1.70141E+038 1.70141E+038 1.70141E+038 1.70141E+038 1.70141E+038 1.70141E+038 1.70141E+038 1.70141E+038 1.70141E+038 1.70141E+038 1.70141E+038 1.70141E+038 1.70141E+038 1.70141E+038 1.70141E+038 1.70141E+038 1.70141E+038 1.70141E+038 1.70141E+038 1.70141E+038 1.70141E+038 1.70141E+038 1.70141E+038 1.70141E+038 1.70141E+038 1.70141E+038 1.70141E+038 1.70141E+038 1.70141E+038 1.70141E+038 1.70141E+038 1.70141E+038
1.70141E+038 1.70141E+038 1.70141E+038 1.70141E+038 1.70141E+038 1.70141E+038 1.70141E+038 1.70141E+038 1.70141E+038 1.70141E+038 1.70141E+038 1.70141E+038 1.70141E+038 1.70141E+038 1.70141E+038 1.70141E+038 1.70141E+038 1.70141E+038 1.70141E+038 1.70141E+038 1.70141E+038 1.70141E+038 1.70141E+038 1.70141E+038 1.70141E+038 1.70141E+038 1.70141E+038 1.70141E+038 1.70141E+038 1.70141E+038 1.70141E+038 1.70141E+038 1.70141E+038 1.70141E+038 1.70141E+038 1.70141E+038 1.70141E+038 1.70141E+038 1.70141E+038 1.70141E+038 1.70141E+038 1.70141E+038 1.70141E+038 1.70141E+038 1.70141E+038 1.70141E+038 1.70141E+038 1.70141E+038 1.70141E+038 1.70141E+038 1.70141E+038 1.70141E+038 1.70141E+038 1.70141E+038 1.70141E+038 1.70141E+038 1.70141E+038 1.70141E+038
1.70141E+038 1.70141E+038 1.70141E+038 1.70141E+038 1.70141E+038 1.70141E+038 1.70141E+038 1.70141E+038 1.70141E+038 1.70141E+038 1.70141E+038 1.70141E+038 1.70141E+038 1.70141E+038 1.70141E+038 1.70141E+038 1.70141E+038 1.70141E+038 1.70141E+038 1.70141E+038 1.70141E+038 1.70141E+038 1.70141E+038 1.70141E+038 1.70141E+038 1.70141E+038 1.70141E+038 1.70141E+038 1.70141E+038 1.70141E+038 1.70141E+038 1.70141E+038 1.70141E+038 1.70141E+038 1.70141E+038 1.70141E+038 1.70141E+038 1.70141E+038 1.70141E+038 1.70141E+038 1.70141E+038 1.70141E+038 1.70141E+038 1.70141E+038 1.70141E+038 1.70141E+038 1.70141E+038 1.70141E+038 1.70141E+038 1.70141E+038 1.70141E+038 1.70141E+038 1.70141E+038 1.70141E+038 1.70141E+038 1.70141E+038 1.70141E+038 1.70141E+038
