data/AtlasDataNEP05_1_1_uni_z0.5.wam.e_m.ASC
ncols         225 
nrows         153
xllcorner     220 
yllcorner     2800 
cellsize       5
NODATA_value  1.70141e+038
[rows 52 to 77 of 153, columns 58 to 115 of 225]
177.8 119 99.63 182.1 123.5 49.6 129.6 179.8 347.4 85.68 139.3 88.28 12.1 1.901 0.8873 16.83 0.7667 2.122 0.7997 2.785 30.87 10.76 135.1 53.73 140.5 141.3 121.6 105.3 207.8 253.7 397.7 466.2 1.70141E+038 1.70141E+038 1.70141E+038 1.70141E+038 1.70141E+038 1.70141E+038 1.70141E+038 1.70141E+038 1.70141E+038 1.70141E+038 1.70141E+038 1.70141E+038 1.70141E+038 1.70141E+038 1.70141E+038 1.70141E+038 1.70141E+038 1.70141E+038 1.70141E+038 1.70141E+038 1.70141E+038 1.70141E+038 1.70141E+038 1.70141E+038 1.70141E+038 1.70141E+038
124.1 138.3 103.6 96.29 3.586 12.35 95.02 81 77.17 85.08 61.42 6.091 9.579 0.6145 0.7125 2.811 16.71 6.126 0.7716 5.165 1.102 3.595 19.2 123.6 179.8 138.7 76.92 153.7 158.1 340.2 972 371.6 394.5 1.70141E+038 1.70141E+038 1.70141E+038 1.70141E+038 1.70141E+038 1.70141E+038 1.70141E+038 1.70141E+038 1.70141E+038 1.70141E+038 1.70141E+038 1.70141E+038 1.70141E+038 1.70141E+038 1.70141E+038 1.70141E+038 1.70141E+038 1.70141E+038 1.70141E+038 1.70141E+038 1.70141E+038 1.70141E+038 1.70141E+038 1.70141E+038 1.70141E+038
43.63 32.67 23.9 2.345 25.19 5.698 3.134 25.52 44.37 21.6 2.017 3.871 11.28 0.7378 1.432 0.8548 0.7412 2.584 1.064 5.097 3.136 5.392 20.27 57.43 144.9 99.39 111.1 199 117.9 194.6 148.1 282.1 471 307 348.7 1.70141E+038 1.70141E+038 1.70141E+038 1.70141E+038 1.70141E+038 1.70141E+038 1.70141E+038 1.70141E+038 1.70141E+038 1.70141E+038 1.70141E+038 1.70141E+038 1.70141E+038 1.70141E+038 1.70141E+038 1.70141E+038 1.70141E+038 1.70141E+038 1.70141E+038 1.70141E+038 1.70141E+038 1.70141E+038 1.70141E+038
6.585 0.8439 2.679 0.7704 2.719 0.8785 10.15 3.769 46.73 9.227 26.75 8.606 14.56 0.1976 2.014 1.029 1.04 4.479 1.293 0.9929 1.417 5.034 6.625 20.09 63.38 142.4 86.18 20.54 44.36 42.83 253.2 529.6 335.4 273.1 310.5 354.5 461.5 733.4 1.70141E+038 1.70141E+038 1.70141E+038 1.70141E+038 1.70141E+038 1.70141E+038 1.70141E+038 1.70141E+038 1.70141E+038 1.70141E+038 1.70141E+038 1.70141E+038 1.70141E+038 1.70141E+038 1.70141E+038 1.70141E+038 1.70141E+038 1.70141E+038 1.70141E+038 1.70141E+038
1.751 0.8699 1.231 0.513 3.596 0.4669 2.866 7.061 31.76 30.08 17.36 43.71 21.31 2.207 1.773 0.3511 0.1959 0.7545 0.9181 1.462 6.705 7.068 1.65 3.099 10.65 33.34 41.43 13.36 24.01 33.15 36.92 24.14 66.98 127.1 204.7 245.4 263.9 497.6 461.1 477.4 640.5 1.70141E+038 1.70141E+038 1.70141E+038 1.70141E+038 1.70141E+038 1.70141E+038 1.70141E+038 1.70141E+038 1.70141E+038 1.70141E+038 1.70141E+038 1.70141E+038 1.70141E+038 1.70141E+038 1.70141E+038 1.70141E+038 1.70141E+038
3.514 0.431 0.3316 0.9325 2.313 1.46 3.758 42.05 1.845 26.3 6.527 16.77 9.812 2.503 3.222 1.808 2.019 9.033 8.097 8.635 8.612 9.905 7.366 4.59 0.4329 3.404 27.57 23.06 13.59 82.88 17.67 7.687 5.254 30.34 15.69 7.774 38.01 169.9 222.5 279.9 391.9 504.3 769 1.70141E+038 1.70141E+038 1.70141E+038 1.70141E+038 1.70141E+038 1.70141E+038 1.70141E+038 1.70141E+038 1.70141E+038 1.70141E+038 1.70141E+038 1.70141E+038 1.70141E+038 1.70141E+038 1.70141E+038
1.587 0.5859 0.5844 0.4625 0.9385 4.82 1.356 3.263 0.9782 1.24 4.872 11.78 13.41 1.097 0.6171 1.334 1.568 0.4248 2.07 5.59 17.62 133.8 124.9 60.85 175.6 77.01 93.23 225.7 555 374.6 33.62 8.555 55.82 45.42 15.69 11.24 13.87 9.807 10.35 92.57 178.9 383.5 565.6 1.70141E+038 1.70141E+038 1.70141E+038 1.70141E+038 1.70141E+038 1.70141E+038 1.70141E+038 1.70141E+038 1.70141E+038 1.70141E+038 1.70141E+038 1.70141E+038 1.70141E+038 1.70141E+038 1.70141E+038
3.278 1.3 0.5206 0.6052 1.875 0.5324 2.02 17.11 17.04 12.8 13.89 28.45 7.583 2.903 1.614 9.591 1.393 7.433 3.746 1.819 4.638 4.301 3.882 6.439 20.38 45.73 30.22 20.8 48.18 31.56 31.02 25.1 185.4 46.62 50.16 39.94 54.76 79.81 15.03 50.7 50.99 66.25 290 540.4 1.70141E+038 1.70141E+038 1.70141E+038 1.70141E+038 1.70141E+038 1.70141E+038 1.70141E+038 1.70141E+038 1.70141E+038 1.70141E+038 1.70141E+038 1.70141E+038 1.70141E+038 1.70141E+038
0.4508 0.9734 0.8473 1.376 4.079 12.36 13.65 61.51 135.8 49.44 17.84 0.6871 5.892 4.909 2.443 0.1671 0.6366 2.457 5.522 2.897 0.5474 0.6112 1.517 14.55 53.49 126.5 66.95 181.4 244.7 101.4 23.83 28.95 10.84 30.55 5.968 6.524 62.25 29.38 8.809 30.47 100.6 40.35 48.7 321.6 653.4 1.70141E+038 1.70141E+038 1.70141E+038 1.70141E+038 1.70141E+038 1.70141E+038 1.70141E+038 1.70141E+038 1.70141E+038 1.70141E+038 1.70141E+038 1.70141E+038 1.70141E+038
3.512 12.69 10.9 6.198 22.59 35.59 25.07 1.354 8.561 6.386 0.4537 5.898 14.43 3.382 1.242 4.225 1.877 2.182 3.32 5.541 4.58 6.444 9.703 11.17 49.07 43.1 73.01 324.9 163.4 247 120.7 32.06 66.53 16.85 3.19 25.2 15.05 76.97 25.58 39.76 122.7 67.5 34.2 127 554.6 1.70141E+038 1.70141E+038 1.70141E+038 1.70141E+038 1.70141E+038 1.70141E+038 1.70141E+038 1.70141E+038 1.70141E+038 1.70141E+038 1.70141E+038 1.70141E+038 1.70141E+038
2.167 5.568 8.723 2.014 11.27 52.26 2.496 1.897 1.342 6.541 3.196 18.42 295.5 8.384 0.576 6.778 4.631 2.4 0.818 1.221 5.19 17.57 27.27 15.11 6.255 1.545 9.996 102.9 69.6 234.3 137.7 95.63 103.4 96.97 73.93 31.56 17.42 66.78 71.91 80.9 148.5 117.5 53.96 125.7 203.9 481.4 1.70141E+038 1.70141E+038 1.70141E+038 1.70141E+038 1.70141E+038 1.70141E+038 1.70141E+038 1.70141E+038 1.70141E+038 1.70141E+038 1.70141E+038 1.70141E+038
3.981 0.7762 3.884 1.019 3.168 10.25 3.258 1.034 8.662 1.354 13.13 35.4 38.06 5.307 1.116 0.7967 2.909 3.144 0.5871 1.145 2.92 1.904 0.9272 2.129 2.63 1.232 9.959 26 71.46 213.7 113.5 121.6 79.29 138.1 55.63 84.82 85.93 94.96 187.5 116.4 100.4 142.3 205.5 135.1 181.2 289.9 1.70141E+038 1.70141E+038 1.70141E+038 1.70141E+038 1.70141E+038 1.70141E+038 1.70141E+038 858.4 328.5 195.7 175.6 208.6
0.49 0.4493 1.073 0.535 0.788 7.389 2.438 6.538 1.09 4.937 9.581 29.56 56.95 1.681 0.5488 1.533 1.37 1.238 1.099 0.9367 1.421 2.499 1.013 0.929 1.41 2.003 0.836 12.61 77.98 111.5 95.67 172.1 114.5 74.72 53.39 194.6 94.22 155.1 190.2 189.9 89.86 141 177.7 125.5 159.3 233.4 341.9 500.7 1.70141E+038 1.70141E+038 1.70141E+038 738.2 677.6 932.9 130.7 262.4 179 166.6
1.422 0.849 0.2301 0.4334 0.1828 3.395 2.735 2.926 4.925 6.959 86.2 115.8 191 15.96 4.443 3.014 4.262 1.682 1.846 3.803 5.234 0.7565 0.87 1.571 3.83 13.41 1.872 12.58 107 56.86 132.8 151.4 101.9 94.44 48.32 32.26 46.84 426.6 142.2 131.2 108.5 199.8 173.9 53.8 146.3 210.1 270.8 294.3 1.70141E+038 1.70141E+038 569.5 712.3 1343 588.9 196.9 202.8 118.3 38.71
5.915 0.6754 0.3121 0.3361 0.2022 0.7713 3.018 0.7988 5.992 21.54 42.24 51.85 18.12 34.72 39.33 25.72 9.677 1.536 1.394 0.9651 0.4888 1.046 0.665 2.553 13.35 12.56 18.5 72.08 57.68 30.31 383.3 53.34 126.5 26.17 90.33 36.42 269.7 115.8 226.1 60.78 117.6 113.8 158.9 34.49 84.35 115.6 177.6 265.5 287.9 355.3 504.5 727.7 1228 931.4 132.2 227.8 74.58 25.13
8.558 1.144 1.283 0.4348 0.3418 0.5803 1.15 3.693 3.398 8.519 3.715 0.943 2.529 20.96 47.57 95.4 16.77 2.144 0.9608 6.867 10.28 5.095 6.946 6.916 17.95 12.04 39.35 23.76 11.02 7.92 36.03 49.85 129.6 79.02 28.65 98.97 243.3 149.4 138.2 65.91 29.93 142.8 139 99.77 54.41 59.96 88.06 169.3 270.4 351.2 333.8 592.2 835.5 263.5 158.8 172.6 41.55 43.17
2.978 3.381 3.043 1.62 4.351 21.24 12.9 6.662 10 6.177 8.721 35.86 30.7 14.06 22.91 27.17 34.36 9.295 2.854 11.23 6.933 13.63 28.29 22.74 84.93 35.57 60.89 35.64 1.697 2.484 1.86 30.35 32.48 70.02 59.47 21.71 44.75 112.7 131 80.87 118.3 71.32 219.4 121.5 59.27 68.53 28.56 81.05 242.4 331.4 761.6 928.5 1073 137.8 111.9 68.29 28.46 26.26
22.36 7.717 1.275 1.817 5.957 11.3 2.302 1.957 1.825 13.5 6.59 1.888 3.137 109.9 15.85 16.97 38.96 32.06 7.984 19.14 30.67 31.85 7.098 4.358 137 11.47 38.74 39.9 16.04 3.548 1.603 1.056 125.1 5.626 13.07 5.049 13.4 117.1 119.3 249 212.8 163 137.2 47.39 44.35 61.31 45.96 55.17 175.4 270.5 344.3 743.6 435.5 109.4 53.42 30.31 10.73 12.84
2.641 2.423 4.096 5.518 23.34 18.18 3.116 0.6006 6.83 9.575 4.879 7.47 13.58 51.64 66.39 40.32 58.53 142.2 52.82 6.125 105.5 11.91 1.621 1.451 21.84 10.53 23.34 18.67 14.25 3.174 2.498 22.7 4.901 18.68 0.6525 3.178 1.807 74.73 117.5 357.1 78.17 139.5 196.7 48.82 47.17 65.23 129.7 76.82 203.9 331.6 439.4 520 445 204 127.2 31.38 12.99 47.13
4.699 14.62 13.85 34.86 39.61 6.895 6.402 1.238 0.9095 1.079 1.043 3.3 12.28 12.32 5.194 7.46 52.19 66.66 81.18 29.18 45.02 1.326 7.291 0.684 8.681 9.573 1.382 28.46 125.3 2.967 4.449 7.199 5.037 5.703 2.892 5.66 1.347 2.26 93.64 24.24 20.85 92.41 158.4 79.23 293.8 21.35 224.8 142.5 236.3 381.1 721.8 124.7 146.8 283.4 59.58 15.57 8.972 96.76
6.137 14.96 15.48 4.756 9.39 3.524 8.802 3.793 6.005 5.539 2.089 2.642 0.7936 4.987 19.84 25.41 16.83 2.687 3.837 8.226 6.731 2.737 2.045 0.8719 10.27 1.415 7.619 25.76 122.6 16.6 56.79 1.797 1.32 33.4 1.019 13.49 15.75 9.716 32.73 7.129 5.626 19.65 11.45 37.12 28.89 22.43 224.5 828.1 651.6 27.55 218.3 67.93 32.51 144.9 45 43.96 28.26 74.2
1.412 2.004 1.735 1.849 1.929 3.195 1.578 1.031 0.5337 1.837 1.922 1.723 0.4509 2.066 4.744 6.73 32.45 1.117 1.115 0.6882 1.369 4.785 1.682 1.803 8.516 1.453 12.45 19.2 111.2 20.45 15.34 34.68 15.59 18.21 10.64 36.57 8.306 14.67 5.09 58.35 74.32 89.65 216.4 62.45 52.2 16.96 193.9 434.3 682.7 345.2 95.35 9.765 21.5 42.42 7.036 67.31 97.73 109.3
2.468 3.312 2.444 1.135 1.454 1.151 0.6211 1.772 1.537 1.038 0.5965 0.4309 0.1413 2.558 2.27 18.52 21.49 1.785 0.8129 1.252 2.048 1.879 1.734 0.8595 1.796 7.953 4.368 10.24 17.41 29.85 10.49 86.09 73.79 59.06 36.33 42.02 22.88 25.43 21.12 60.45 47.57 7.776 4.371 11.14 16.51 310.9 144 323.9 1159 172.1 54.7 53.64 69.46 17.3 6.133 72.44 88.32 171.7
6.308 3.183 5.483 1.241 0.9393 0.2618 0.4764 1.477 1.632 1.286 1.07 0.2094 0.3809 1.305 4.301 5.844 29.67 4.399 0.8297 0.2313 0.8075 0.6939 0.9827 3.132 1.268 6.232 0.245 9.131 24.37 30.1 2.681 11.16 2.667 11.08 14.32 64.55 103.2 67.11 84.47 119.1 133.5 115 90.49 174.5 112.1 128 396.2 338.9 411.1 76.49 203 232.6 13.81 3.267 5.239 37.08 153.7 73
1.11 2.724 1.388 0.3548 0.5917 0.5663 0.5457 0.3096 0.4169 1.419 1.281 0.532 0.3215 0.4975 11.59 58.11 47.54 1.452 0.8102 0.3752 1.309 0.5003 0.135 3.435 0.08755 6.785 1.304 1.14 1.969 20.72 0.4907 2.761 2.695 0.5776 1.984 1.988 2.78 6.91 46.91 140 124.8 155.4 82.65 148.8 485.4 251 559 175.2 281.9 282.5 7711 632.6 86.45 90.96 38.96 44.91 40.71 56.33
5.157 4.694 4.366 2.577 1.286 0.9128 0.2992 0.5971 1.356 0.6469 1.398 6.309 3.966 17.21 48.99 93.54 16.49 1.341 1.725 0.6542 0.4947 0.1614 0.2247 1.738 0.7267 1.696 0.3793 0.8604 0.6621 1.39 0.7711 3.885 0.606 1.455 5.717 1.634 1.075 1.013 16.8 170.2 69.22 172 167.4 220.2 166.5 26.79 251.4 150.9 202.2 1200 1441 126.1 66.21 293.3 197.8 91.03 22.19 628.9
