data/AtlasDataNEP05_1_1_uni_z0.5.wam.e_m.ASC
ncols         225 
nrows         153
xllcorner     220 
yllcorner     2800 
cellsize       5
NODATA_value  1.70141e+038
[rows 104 to 129 of 153, columns 116 to 173 of 225]
10.37 13.03 1.70141E+038 19.46 16.95 8.125 7.569 11.61 18.38 25.93 32.38 34.67 33.32 32.35 38.61 47.93 55.93 67.54 90.29 85.72 72.2 65.92 52.63 24.56 9.466 7.229 4.428 2.124 1.297 1.303 1.493 0.6642 2.24 4.549 14.61 28.69 68.71 81.98 37.31 3.04 0.2478 7.57 18.72 0.6713 3.016 5.072 49.86 30.17 30.46 1.12 5.956 2.365 2.302 2.31 0.3123 4.521 0.3469 19.26
1.70141E+038 1.70141E+038 1.70141E+038 1.70141E+038 1.70141E+038 13.53 22.28 26.45 29.71 39.35 41.16 31.39 19.2 20.82 28.31 31.39 36.66 52.89 87.6 110.6 114.6 112.2 77.96 23.94 11.62 7.265 5.302 3.541 3.478 4.179 5.207 2.363 1.03 1.48 1.959 10.61 26.89 35.05 31.16 22.13 5.587 23.02 20.43 10.76 0.7067 10.75 27.07 5.619 3.976 5.77 0.9999 0.7763 2.477 0.6218 0.7018 0.8939 4.396 1.537
1.70141E+038 1.70141E+038 1.70141E+038 1.70141E+038 1.70141E+038 1.70141E+038 34.19 35.42 27.27 23.53 16.05 7.894 8.894 10.71 13.84 19.95 37.44 63.8 82.39 102.4 109 79.56 56.77 29.69 15.98 15.37 6.091 0.8471 0.9473 2.59 6.863 3.455 2.175 2.54 7.021 4.676 1.668 4.003 9.664 12.92 8.074 18.86 36.79 9.224 2.672 8.997 50.83 9.027 6.931 6.094 3.581 1.084 2.09 0.6884 0.2917 0.9032 2.482 15.27
1.70141E+038 1.70141E+038 1.70141E+038 1.70141E+038 1.70141E+038 1.70141E+038 1.70141E+038 1.70141E+038 1.70141E+038 1.70141E+038 1.70141E+038 1.70141E+038 13.9 16.31 19.47 26.23 41.38 58.71 76.07 69.1 58.44 54.36 49.46 40.76 33.39 32.63 26.69 15.37 7.936 5.252 6.019 6.482 6.067 6.969 7.115 2.88 1.474 2.837 5.291 16.23 47.32 50.66 30.57 16.52 28.16 109.6 57.4 16.94 17.44 14.36 2.157 4.959 2.462 1.207 1.644 7.372 4.166 12.4
1.70141E+038 1.70141E+038 1.70141E+038 1.70141E+038 1.70141E+038 1.70141E+038 1.70141E+038 1.70141E+038 1.70141E+038 1.70141E+038 1.70141E+038 1.70141E+038 1.70141E+038 25.24 30.84 32.33 39.83 49.01 57.27 59.7 46.05 34.37 24.37 34.06 55.61 69.35 41.79 14.63 5.472 2.067 1.112 2.271 2.791 3.056 3.356 4.843 5.673 6.408 8.598 12.28 9.317 24.06 27.19 47.8 54 128.8 135.8 60.69 20.18 15.08 8.526 6.877 6.171 2.743 2.825 8.264 11.42 11.13
1.70141E+038 1.70141E+038 1.70141E+038 1.70141E+038 1.70141E+038 1.70141E+038 1.70141E+038 1.70141E+038 1.70141E+038 1.70141E+038 1.70141E+038 1.70141E+038 1.70141E+038 31.33 34.22 35.06 38.57 43.69 53.52 60.19 63.36 67.57 67.19 61.15 49.67 34.95 37.33 41.88 27.3 8.836 3.992 2.363 1.323 2.157 4.581 10.27 15.21 18.85 19.75 33.46 25.48 19.16 11.21 8.823 41.81 75.13 50.01 35.32 30.47 11.33 22.72 20.94 20.29 3.399 3.286 4.736 22.06 67.78
1.70141E+038 1.70141E+038 1.70141E+038 1.70141E+038 1.70141E+038 1.70141E+038 1.70141E+038 1.70141E+038 1.70141E+038 1.70141E+038 1.70141E+038 1.70141E+038 1.70141E+038 34.05 36.83 38.09 39.69 43.97 46.72 53.37 60.15 65.97 71.47 77.73 76.97 76.69 62.14 39.04 18.66 15.32 18.46 17.51 11.71 11.01 12.75 17.61 19.1 20.59 26.63 24.21 21.82 12.65 10.26 21.96 73.36 77.64 75.11 11.77 9.976 10.23 30.34 37.38 21.25 30.74 7.225 13.31 54.49 99.38
1.70141E+038 1.70141E+038 1.70141E+038 1.70141E+038 1.70141E+038 1.70141E+038 1.70141E+038 1.70141E+038 1.70141E+038 1.70141E+038 1.70141E+038 1.70141E+038 1.70141E+038 34.41 38.03 41.48 43.95 47.06 50.09 53.64 61.13 71.8 75.43 83.93 84.23 82.46 81.28 70.44 62.95 50.32 32.85 21.44 16.67 17.87 22.66 24.97 34.66 32.2 26.51 20.06 20.21 28.49 40.39 39.06 69.96 40.81 16.32 8.195 12.26 15.81 42.2 60.14 55.75 11.42 30.72 6.178 12.27 31.08
1.70141E+038 1.70141E+038 1.70141E+038 1.70141E+038 1.70141E+038 1.70141E+038 1.70141E+038 1.70141E+038 1.70141E+038 1.70141E+038 1.70141E+038 1.70141E+038 29.71 33.38 37.11 40.45 44.15 47.14 48.69 54.08 61.31 67.92 71.99 75.71 82.14 85.77 85.43 78.38 68.06 56.83 51.18 41.12 37.3 34.75 34.77 34 32.62 32.07 41.41 50.86 63.49 44.52 28.41 19.97 30.26 26.26 15.33 6.248 4.094 3.556 10.32 65.38 63.14 11.99 20.83 5.495 16.66 23.89
1.70141E+038 1.70141E+038 1.70141E+038 1.70141E+038 1.70141E+038 1.70141E+038 1.70141E+038 1.70141E+038 1.70141E+038 1.70141E+038 1.70141E+038 1.70141E+038 29.52 32.58 35.96 39.95 43.61 47.38 50.83 55.57 62.65 68.18 70.21 73.8 79.84 82.39 84.46 84.8 84.04 81.77 69.55 58.07 48.94 45.55 44.47 40.65 40.29 38.73 46.02 54.93 53.4 50.66 47.97 39.03 34.13 21.46 9.532 5.931 2.184 5.554 21.17 101.3 88.42 21.56 17.68 13.93 19.2 25.27
1.70141E+038 1.70141E+038 1.70141E+038 1.70141E+038 1.70141E+038 1.70141E+038 1.70141E+038 1.70141E+038 1.70141E+038 1.70141E+038 1.70141E+038 1.70141E+038 1.70141E+038 1.70141E+038 1.70141E+038 1.70141E+038 42.09 45.72 48.52 54.6 60.94 66.19 69.03 72.21 74.89 79.4 81.48 84.23 84.07 82.06 80.78 75.9 69.92 62.6 55.69 53.57 49.19 51.04 56.56 60.02 63.57 61.01 54.97 43.18 39.38 47.93 60.84 53.33 52.47 51.32 91.95 124.7 131.4 49.17 26.19 31.97 9.287 4.896
1.70141E+038 1.70141E+038 1.70141E+038 1.70141E+038 1.70141E+038 1.70141E+038 1.70141E+038 1.70141E+038 1.70141E+038 1.70141E+038 1.70141E+038 1.70141E+038 1.70141E+038 1.70141E+038 1.70141E+038 1.70141E+038 1.70141E+038 1.70141E+038 1.70141E+038 51.93 57.99 62.91 65.57 68.59 73.37 76.26 79.76 81.38 84.05 85.61 84.91 82.83 78.7 72.11 66.74 59.06 60.5 59.5 61.66 64.3 63.76 53.5 43.62 42.13 53.87 71.13 81.07 89.51 86.43 105 123.3 98.76 87.85 61.63 33.87 25.96 10.95 11.96
1.70141E+038 1.70141E+038 1.70141E+038 1.70141E+038 1.70141E+038 1.70141E+038 1.70141E+038 1.70141E+038 1.70141E+038 1.70141E+038 1.70141E+038 1.70141E+038 1.70141E+038 1.70141E+038 1.70141E+038 1.70141E+038 1.70141E+038 1.70141E+038 1.70141E+038 50.64 54.47 57.82 61.57 66.26 69.85 74.82 76.71 80.56 82.31 83.06 84.79 85.52 85.62 82.94 76.43 74.55 68.21 67.32 68.65 68.88 67.89 62.76 58.47 69.22 75.46 91.27 103.3 110.4 115.6 107.6 111.6 79.79 82.43 77.8 67.17 47.51 30.08 16.05
1.70141E+038 1.70141E+038 1.70141E+038 1.70141E+038 1.70141E+038 1.70141E+038 1.70141E+038 1.70141E+038 1.70141E+038 1.70141E+038 1.70141E+038 1.70141E+038 1.70141E+038 1.70141E+038 1.70141E+038 1.70141E+038 1.70141E+038 1.70141E+038 1.70141E+038 1.70141E+038 51.05 54.78 1.70141E+038 62.97 67.55 70.07 73.89 76.78 80.81 83.64 85.72 86.2 1.70141E+038 83.23 83.3 77.67 78.22 74.98 74.36 73.2 69.04 64.87 61.67 64.28 72.07 76.75 85.62 93.62 93.6 84.57 91.63 100.3 105.5 119 93.16 65.55 40.29 24.52
1.70141E+038 1.70141E+038 1.70141E+038 1.70141E+038 1.70141E+038 1.70141E+038 1.70141E+038 1.70141E+038 1.70141E+038 1.70141E+038 1.70141E+038 1.70141E+038 1.70141E+038 1.70141E+038 1.70141E+038 1.70141E+038 1.70141E+038 1.70141E+038 1.70141E+038 1.70141E+038 1.70141E+038 1.70141E+038 1.70141E+038 60.19 63.35 66.93 70.23 73.86 76.99 79.48 1.70141E+038 1.70141E+038 1.70141E+038 1.70141E+038 86.42 88.32 83.46 82.05 81.4 78.6 77.18 76.13 74.54 72.99 73.28 75.14 81.16 81.99 83.34 74.98 68.53 82.94 106.7 123.3 121.8 116.3 103.9 77.14
1.70141E+038 1.70141E+038 1.70141E+038 1.70141E+038 1.70141E+038 1.70141E+038 1.70141E+038 1.70141E+038 1.70141E+038 1.70141E+038 1.70141E+038 1.70141E+038 1.70141E+038 1.70141E+038 1.70141E+038 1.70141E+038 1.70141E+038 1.70141E+038 1.70141E+038 1.70141E+038 1.70141E+038 1.70141E+038 1.70141E+038 1.70141E+038 60.12 63.18 66.06 69.18 1.70141E+038 1.70141E+038 1.70141E+038 1.70141E+038 1.70141E+038 1.70141E+038 87.63 85.72 87.67 85.86 83.5 83.58 82.06 83.94 81.54 79.66 78.94 79.74 76.5 77.47 72.95 67.54 70.28 87.3 110.5 137.9 139.2 142.5 139.7 118.4
1.70141E+038 1.70141E+038 1.70141E+038 1.70141E+038 1.70141E+038 1.70141E+038 1.70141E+038 1.70141E+038 1.70141E+038 1.70141E+038 1.70141E+038 1.70141E+038 1.70141E+038 1.70141E+038 1.70141E+038 1.70141E+038 1.70141E+038 1.70141E+038 1.70141E+038 1.70141E+038 1.70141E+038 1.70141E+038 1.70141E+038 1.70141E+038 1.70141E+038 1.70141E+038 1.70141E+038 1.70141E+038 1.70141E+038 1.70141E+038 1.70141E+038 1.70141E+038 1.70141E+038 1.70141E+038 84.23 86.9 85.16 86.9 88.57 87.66 87.16 86.21 86.12 86.79 85.39 84.34 87.28 85.55 88.02 87.3 89.12 97.99 109 112.4 123.5 124.3 123.4 94.49
1.70141E+038 1.70141E+038 1.70141E+038 1.70141E+038 1.70141E+038 1.70141E+038 1.70141E+038 1.70141E+038 1.70141E+038 1.70141E+038 1.70141E+038 1.70141E+038 1.70141E+038 1.70141E+038 1.70141E+038 1.70141E+038 1.70141E+038 1.70141E+038 1.70141E+038 1.70141E+038 1.70141E+038 1.70141E+038 1.70141E+038 1.70141E+038 1.70141E+038 1.70141E+038 1.70141E+038 1.70141E+038 1.70141E+038 1.70141E+038 1.70141E+038 1.70141E+038 1.70141E+038 1.70141E+038 82.56 81.75 85.18 86.64 86.3 86.96 1.70141E+038 87.63 87.22 87.15 88.21 88.45 85.86 88.88 88.96 92.64 96.5 100.6 102.6 104.8 108 103.6 101.2 102.2
1.70141E+038 1.70141E+038 1.70141E+038 1.70141E+038 1.70141E+038 1.70141E+038 1.70141E+038 1.70141E+038 1.70141E+038 1.70141E+038 1.70141E+038 1.70141E+038 1.70141E+038 1.70141E+038 1.70141E+038 1.70141E+038 1.70141E+038 1.70141E+038 1.70141E+038 1.70141E+038 1.70141E+038 1.70141E+038 1.70141E+038 1.70141E+038 1.70141E+038 1.70141E+038 1.70141E+038 1.70141E+038 1.70141E+038 1.70141E+038 1.70141E+038 1.70141E+038 1.70141E+038 1.70141E+038 1.70141E+038 1.70141E+038 81.58 83.94 86.45 1.70141E+038 1.70141E+038 1.70141E+038 1.70141E+038 1.70141E+038 89.08 1.70141E+038 1.70141E+038 92.51 95.98 97.64 97.96 99.68 101.1 98.93 96.55 101.1 102.7 102.9
1.70141E+038 1.70141E+038 1.70141E+038 1.70141E+038 1.70141E+038 1.70141E+038 1.70141E+038 1.70141E+038 1.70141E+038 1.70141E+038 1.70141E+038 1.70141E+038 1.70141E+038 1.70141E+038 1.70141E+038 1.70141E+038 1.70141E+038 1.70141E+038 1.70141E+038 1.70141E+038 1.70141E+038 1.70141E+038 1.70141E+038 1.70141E+038 1.70141E+038 1.70141E+038 1.70141E+038 1.70141E+038 1.70141E+038 1.70141E+038 1.70141E+038 1.70141E+038 1.70141E+038 1.70141E+038 1.70141E+038 1.70141E+038 1.70141E+038 1.70141E+038 1.70141E+038 1.70141E+038 1.70141E+038 1.70141E+038 1.70141E+038 1.70141E+038 1.70141E+038 1.70141E+038 1.70141E+038 1.70141E+038 1.70141E+038 1.70141E+038 102.7 102.9 100.4 101.1 103.2 101.6 102.6 106.2
1.70141E+038 1.70141E+038 1.70141E+038 1.70141E+038 1.70141E+038 1.70141E+038 1.70141E+038 1.70141E+038 1.70141E+038 1.70141E+038 1.70141E+038 1.70141E+038 1.70141E+038 1.70141E+038 1.70141E+038 1.70141E+038 1.70141E+038 1.70141E+038 1.70141E+038 1.70141E+038 1.70141E+038 1.70141E+038 1.70141E+038 1.70141E+038 1.70141E+038 1.70141E+038 1.70141E+038 1.70141E+038 1.70141E+038 1.70141E+038 1.70141E+038 1.70141E+038 1.70141E+038 1.70141E+038 1.70141E+038 1.70141E+038 1.70141E+038 1.70141E+038 1.70141E+038 1.70141E+038 1.70141E+038 1.70141E+038 1.70141E+038 1.70141E+038 1.70141E+038 1.70141E+038 1.70141E+038 1.70141E+038 1.70141E+038 1.70141E+038 1.70141E+038 101 103.4 102.8 100.8 103.3 103.4 101.3
1.70141E+038 1.70141E+038 1.70141E+038 1.70141E+038 1.70141E+038 1.70141E+038 1.70141E+038 1.70141E+038 1.70141E+038 1.70141E+038 1.70141E+038 1.70141E+038 1.70141E+038 1.70141E+038 1.70141E+038 1.70141E+038 1.70141E+038 1.70141E+038 1.70141E+038 1.70141E+038 1.70141E+038 1.70141E+038 1.70141E+038 1.70141E+038 1.70141E+038 1.70141E+038 1.70141E+038 1.70141E+038 1.70141E+038 1.70141E+038 1.70141E+038 1.70141E+038 1.70141E+038 1.70141E+038 1.70141E+038 1.70141E+038 1.70141E+038 1.70141E+038 1.70141E+038 1.70141E+038 1.70141E+038 1.70141E+038 1.70141E+038 1.70141E+038 1.70141E+038 1.70141E+038 1.70141E+038 1.70141E+038 1.70141E+038 1.70141E+038 1.70141E+038 1.70141E+038 1.70141E+038 1.70141E+038 102.8 105.1 1.70141E+038 1.70141E+038
1.70141E+038 1.70141E+038 1.70141E+038 1.70141E+038 1.70141E+038 1.70141E+038 1.70141E+038 1.70141E+038 1.70141E+038 1.70141E+038 1.70141E+038 1.70141E+038 1.70141E+038 1.70141E+038 1.70141E+038 1.70141E+038 1.70141E+038 1.70141E+038 1.70141E+038 1.70141E+038 1.70141E+038 1.70141E+038 1.70141E+038 1.70141E+038 1.70141E+038 1.70141E+038 1.70141E+038 1.70141E+038 1.70141E+038 1.70141E+038 1.70141E+038 1.70141E+038 1.70141E+038 1.70141E+038 1.70141E+038 1.70141E+038 1.70141E+038 1.70141E+038 1.70141E+038 1.70141E+038 1.70141E+038 1.70141E+038 1.70141E+038 1.70141E+038 1.70141E+038 1.70141E+038 1.70141E+038 1.70141E+038 1.70141E+038 1.70141E+038 1.70141E+038 1.70141E+038 1.70141E+038 1.70141E+038 1.70141E+038 1.70141E+038 1.70141E+038 1.70141E+038
1.70141E+038 1.70141E+038 1.70141E+038 1.70141E+038 1.70141E+038 1.70141E+038 1.70141E+038 1.70141E+038 1.70141E+038 1.70141E+038 1.70141E+038 1.70141E+038 1.70141E+038 1.70141E+038 1.70141E+038 1.70141E+038 1.70141E+038 1.70141E+038 1.70141E+038 1.70141E+038 1.70141E+038 1.70141E+038 1.70141E+038 1.70141E+038 1.70141E+038 1.70141E+038 1.70141E+038 1.70141E+038 1.70141E+038 1.70141E+038 1.70141E+038 1.70141E+038 1.70141E+038 1.70141E+038 1.70141E+038 1.70141E+038 1.70141E+038 1.70141E+038 1.70141E+038 1.70141E+038 1.70141E+038 1.70141E+038 1.70141E+038 1.70141E+038 1.70141E+038 1.70141E+038 1.70141E+038 1.70141E+038 1.70141E+038 1.70141E+038 1.70141E+038 1.70141E+038 1.70141E+038 1.70141E+038 1.70141E+038 1.70141E+038 1.70141E+038 1.70141E+038
1.70141E+038 1.70141E+038 1.70141E+038 1.70141E+038 1.70141E+038 1.70141E+038 1.70141E+038 1.70141E+038 1.70141E+038 1.70141E+038 1.70141E+038 1.70141E+038 1.70141E+038 1.70141E+038 1.70141E+038 1.70141E+038 1.70141E+038 1.70141E+038 1.70141E+038 1.70141E+038 1.70141E+038 1.70141E+038 1.70141E+038 1.70141E+038 1.70141E+038 1.70141E+038 1.70141E+038 1.70141E+038 1.70141E+038 1.70141E+038 1.70141E+038 1.70141E+038 1.70141E+038 1.70141E+038 1.70141E+038 1.70141E+038 1.70141E+038 1.70141E+038 1.70141E+038 1.70141E+038 1.70141E+038 1.70141E+038 1.70141E+038 1.70141E+038 1.70141E+038 1.70141E+038 1.70141E+038 1.70141E+038 1.70141E+038 1.70141E+038 1.70141E+038 1.70141E+038 1.70141E+038 1.70141E+038 1.70141E+038 1.70141E+038 1.70141E+038 1.70141E+038
1.70141E+038 1.70141E+038 1.70141E+038 1.70141E+038 1.70141E+038 1.70141E+038 1.70141E+038 1.70141E+038 1.70141E+038 1.70141E+038 1.70141E+038 1.70141E+038 1.70141E+038 1.70141E+038 1.70141E+038 1.70141E+038 1.70141E+038 1.70141E+038 1.70141E+038 1.70141E+038 1.70141E+038 1.70141E+038 1.70141E+038 1.70141E+038 1.70141E+038 1.70141E+038 1.70141E+038 1.70141E+038 1.70141E+038 1.70141E+038 1.70141E+038 1.70141E+038 1.70141E+038 1.70141E+038 1.70141E+038 1.70141E+038 1.70141E+038 1.70141E+038 1.70141E+038 1.70141E+038 1.70141E+038 1.70141E+038 1.70141E+038 1.70141E+038 1.70141E+038 1.70141E+038 1.70141E+038 1.70141E+038 1.70141E+038 1.70141E+038 1.70141E+038 1.70141E+038 1.70141E+038 1.70141E+038 1.70141E+038 1.70141E+038 1.70141E+038 1.70141E+038
