data/AtlasDataNEP05_1_1_uni_z0.5.wam.e_m.ASC
ncols         225 
nrows         153
xllcorner     220 
yllcorner     2800 
cellsize       5
NODATA_value  1.70141e+038
[rows 78 to 103 of 153, columns 116 to 173 of 225]
11.47 84.13 12.4 22.33 55.48 5.483 1.91 11.92 632.5 340.9 72.45 420.9 41.61 27.59 35.55 739.4 36.46 133.2 53.88 48.75 70.33 116.1 156.7 1.70141E+038 1.70141E+038 1.70141E+038 1.70141E+038 1.70141E+038 1.70141E+038 1.70141E+038 1.70141E+038 1.70141E+038 1.70141E+038 1.70141E+038 1.70141E+038 1.70141E+038 1.70141E+038 1.70141E+038 1.70141E+038 1.70141E+038 1.70141E+038 1.70141E+038 1.70141E+038 1.70141E+038 1.70141E+038 1.70141E+038 1.70141E+038 1.70141E+038 1.70141E+038 1.70141E+038 1.70141E+038 1.70141E+038 1.70141E+038 1.70141E+038 1.70141E+038 1.70141E+038 1.70141E+038 1.70141E+038
81.73 35.04 193 59.85 36 8.034 0.8595 6.201 24.59 124.4 80.57 73.53 106.6 129.2 44 22.6 45.15 42.69 46.26 46.07 235.2 141.2 105.9 1.70141E+038 1.70141E+038 1.70141E+038 1.70141E+038 1.70141E+038 1.70141E+038 1.70141E+038 1.70141E+038 1.70141E+038 1.70141E+038 1.70141E+038 1.70141E+038 1.70141E+038 1.70141E+038 1.70141E+038 1.70141E+038 1.70141E+038 1.70141E+038 1.70141E+038 1.70141E+038 1.70141E+038 1.70141E+038 1.70141E+038 1.70141E+038 1.70141E+038 1.70141E+038 1.70141E+038 1.70141E+038 1.70141E+038 1.70141E+038 1.70141E+038 1.70141E+038 1.70141E+038 1.70141E+038 1.70141E+038
27.87 117.1 38.99 81.99 26.35 419.9 37.19 3.201 19.95 78.92 198.7 17.5 83.95 24.29 15.92 23.9 27.47 3.474 2.724 23.11 419.3 22.36 1.70141E+038 1.70141E+038 1.70141E+038 1.70141E+038 1.70141E+038 1.70141E+038 1.70141E+038 1.70141E+038 1.70141E+038 1.70141E+038 1.70141E+038 1.70141E+038 1.70141E+038 1.70141E+038 1.70141E+038 1.70141E+038 1.70141E+038 1.70141E+038 1.70141E+038 1.70141E+038 1.70141E+038 1.70141E+038 1.70141E+038 1.70141E+038 1.70141E+038 1.70141E+038 1.70141E+038 1.70141E+038 1.70141E+038 1.70141E+038 1.70141E+038 1.70141E+038 1.70141E+038 1.70141E+038 1.70141E+038 1.70141E+038
30.21 90.69 19.36 48.18 3.276 0.9776 107 2.16 10.93 151.2 251.1 403.3 113.2 33.31 1.257 0.8813 8.453 5.923 22.52 166.8 12.85 40.12 1.70141E+038 1.70141E+038 1.70141E+038 1.70141E+038 1.70141E+038 1.70141E+038 1.70141E+038 1.70141E+038 1.70141E+038 1.70141E+038 1.70141E+038 1.70141E+038 1.70141E+038 1.70141E+038 1.70141E+038 1.70141E+038 1.70141E+038 1.70141E+038 1.70141E+038 1.70141E+038 1.70141E+038 1.70141E+038 1.70141E+038 1.70141E+038 1.70141E+038 1.70141E+038 1.70141E+038 1.70141E+038 1.70141E+038 1.70141E+038 1.70141E+038 1.70141E+038 1.70141E+038 1.70141E+038 1.70141E+038 1.70141E+038
6.274 142.2 69.78 6.078 4.197 1.216 40.16 5.075 5.649 101.9 42.87 87.88 220.4 55.84 100.6 10.76 14 3.081 48.61 42.66 119.4 72.3 1.70141E+038 1.70141E+038 1.70141E+038 1.70141E+038 1.70141E+038 1.70141E+038 1.70141E+038 1.70141E+038 1.70141E+038 1.70141E+038 1.70141E+038 1.70141E+038 1.70141E+038 1.70141E+038 1.70141E+038 1.70141E+038 1.70141E+038 1.70141E+038 1.70141E+038 1.70141E+038 1.70141E+038 1.70141E+038 1.70141E+038 1.70141E+038 1.70141E+038 1.70141E+038 1.70141E+038 1.70141E+038 1.70141E+038 1.70141E+038 1.70141E+038 1.70141E+038 1.70141E+038 1.70141E+038 1.70141E+038 1.70141E+038
0.3777 8.017 2.523 21.24 0.7755 1.46 17.55 16.62 4.132 11.92 43.95 196.8 107.6 166.3 22.22 5.361 147.4 9.886 79.59 153.7 105.6 227.4 161.6 1.70141E+038 1.70141E+038 1.70141E+038 1.70141E+038 1.70141E+038 1.70141E+038 1.70141E+038 1.70141E+038 1.70141E+038 1.70141E+038 1.70141E+038 1.70141E+038 1.70141E+038 1.70141E+038 1.70141E+038 1.70141E+038 1.70141E+038 1.70141E+038 1.70141E+038 1.70141E+038 1.70141E+038 1.70141E+038 1.70141E+038 1.70141E+038 1.70141E+038 1.70141E+038 1.70141E+038 1.70141E+038 1.70141E+038 1.70141E+038 1.70141E+038 1.70141E+038 1.70141E+038 1.70141E+038 1.70141E+038
0.7848 11.91 17.65 1.955 2.38 1.965 7.048 2.907 3.839 0.8284 2.171 21.15 130.7 7.469 11.4 10.5 50.97 48.38 1.295 12.91 36.87 102.4 247.5 96.49 1.70141E+038 119.5 20.49 29.06 22.56 57.49 32.22 1.70141E+038 1.70141E+038 1.70141E+038 1.70141E+038 1.70141E+038 1.70141E+038 1.70141E+038 1.70141E+038 1.70141E+038 1.70141E+038 1.70141E+038 1.70141E+038 1.70141E+038 1.70141E+038 1.70141E+038 1.70141E+038 1.70141E+038 1.70141E+038 1.70141E+038 1.70141E+038 1.70141E+038 1.70141E+038 1.70141E+038 1.70141E+038 1.70141E+038 1.70141E+038 1.70141E+038
0.3815 3.897 1.308 3.196 4.047 0.5588 0.7454 1.517 2.226 3.136 4.191 19.73 2.125 8.543 0.5108 6.444 41.05 68.21 23.01 2.314 62.92 2.328 144.5 38.92 4.612 39.93 36.04 14.16 12.1 54.1 80.86 48.42 159.3 1.70141E+038 1.70141E+038 1.70141E+038 1.70141E+038 1.70141E+038 1.70141E+038 1.70141E+038 1.70141E+038 1.70141E+038 1.70141E+038 1.70141E+038 1.70141E+038 1.70141E+038 1.70141E+038 1.70141E+038 1.70141E+038 1.70141E+038 1.70141E+038 1.70141E+038 1.70141E+038 1.70141E+038 1.70141E+038 1.70141E+038 1.70141E+038 1.70141E+038
0.5817 2.203 2.556 4.215 4.742 2.118 2.47 0.7269 1.875 1.072 0.9184 2.405 2.48 2.599 4.089 2.669 58.18 32.16 22.05 0.4024 7.175 4.106 24.05 10.77 18.89 5.632 58.17 7.774 4.806 35.91 26.39 18.16 161.6 199.2 396.3 1.70141E+038 1.70141E+038 1.70141E+038 1.70141E+038 1.70141E+038 1.70141E+038 1.70141E+038 1.70141E+038 1.70141E+038 1.70141E+038 1.70141E+038 1.70141E+038 1.70141E+038 1.70141E+038 1.70141E+038 1.70141E+038 1.70141E+038 1.70141E+038 1.70141E+038 1.70141E+038 1.70141E+038 1.70141E+038 1.70141E+038
1.078 1.227 0.6756 0.5027 0.6086 1.843 1.3 1.348 0.942 1.156 2.408 1.724 0.2197 5.511 6.171 2.84 27.42 7.468 18.82 11.44 11.92 4.522 32.42 9.724 9.796 15.56 2.361 18.29 2.037 17.35 7.302 6.994 18.77 177.7 189.7 236.1 1.70141E+038 1.70141E+038 1.70141E+038 1.70141E+038 1.70141E+038 32.41 29.18 1.70141E+038 1.70141E+038 1.70141E+038 1.70141E+038 1.70141E+038 1.70141E+038 1.70141E+038 1.70141E+038 1.70141E+038 605.5 1313 1.70141E+038 1.70141E+038 1.70141E+038 1.70141E+038
1.231 0.9132 1.184 0.6542 0.5225 0.8245 2.016 1.186 2.612 1.978 2.224 1.237 0.2861 4.682 2.147 0.5106 24.14 2.797 0.1553 8.077 0.6018 3.94 11.36 1.939 18.24 2.785 8.321 1.245 44.68 33.48 9.247 29.16 25.73 8.92 51.76 793 127.5 1.70141E+038 1.70141E+038 1.70141E+038 45.7 3.065 36.65 20.24 1.70141E+038 1.70141E+038 1.70141E+038 1.70141E+038 1.70141E+038 1.70141E+038 135.6 148.8 440.3 300.4 1.70141E+038 1.70141E+038 1.70141E+038 1.70141E+038
1.536 1.738 1.421 1.073 0.5957 1.536 2.041 2.296 3.396 2.808 5.286 1.51 0.5956 1.569 0.4864 0.7085 12.01 0.7051 0.3286 4.911 1.565 2.498 1.489 5.24 31.91 0.81 1.317 34.82 50.05 2.093 2.08 6.819 1.864 0.7283 20.96 16.75 113.5 119.3 1.70141E+038 1.70141E+038 26.76 12.02 14.29 1.70141E+038 1.70141E+038 1.70141E+038 1.70141E+038 1.70141E+038 1.70141E+038 294.1 477.2 275.4 403.5 252.9 186.3 311.5 1.70141E+038 1.70141E+038
1.352 1.001 2.11 1.188 1.067 1.824 3.762 2.271 2.942 3.702 9.01 3.966 4.476 1.667 0.7892 0.5093 5.365 0.2267 0.6375 2.935 8.097 0.8064 0.6137 11.32 4.197 4.362 6.908 5.51 0.4298 0.6082 0.3549 6.431 1.355 1.002 109.8 0.7176 9.961 5.591 1.70141E+038 1.70141E+038 30.58 4.088 66.58 1.70141E+038 1.70141E+038 1.70141E+038 1.70141E+038 1.70141E+038 1006 251.3 117.3 16.28 67.69 86.14 188.3 336.3 134.2 1046
2.264 1.23 2.285 1.493 0.9364 2.387 4.363 4.02 4.606 4.844 7.823 5.42 7.12 6.762 1.58 0.2215 0.2778 1.005 0.605 2.336 5.292 0.7932 2.635 1.045 2.632 0.7524 1.138 2.602 0.8873 1.487 0.8106 4.643 1.665 0.5292 10.53 2.574 3.497 1.281 36.12 1.70141E+038 28.52 7.665 6.911 1.898 6.73 28.45 149.3 105.1 508.2 387.4 46.6 9.281 16.22 35.47 90.51 57.17 118.2 616.9
3.624 1.682 3.327 1.344 1.157 1.779 3.205 2.37 0.7402 0.6657 2.289 4.707 6.778 4.459 0.9626 0.1869 0.3933 1.169 1.506 1.717 1.364 0.5936 0.5083 0.398 0.676 1.72 2.507 0.4251 0.5249 0.6092 0.7045 0.7962 4.378 0.1675 19.56 23.7 0.2688 3.945 3.936 13.38 12.69 3.098 21.57 77.05 0.8647 17.33 52.21 10.88 127.1 571 108 22.85 17.78 8.332 22.49 8.962 335.9 870
6.877 2.557 4.424 2.456 2.927 3.877 2.717 6.097 3.317 3.413 4.533 4.127 2.686 1.793 0.6484 0.4368 0.5171 2.496 2.724 3.734 2.41 1.417 0.778 0.7221 1.228 0.9507 2.975 6.173 5.09 0.8981 0.1293 2.388 12.43 0.4219 15.15 30.7 0.4238 5.443 2.931 35.34 0.3206 2.365 7.286 69.11 4.74 1.972 41.6 10.51 63.7 571.9 431.3 130 50.56 40.22 65.6 62.49 488.5 491.5
4.198 2.495 3.498 3.575 4.962 7.984 8.767 15.08 6.536 6.808 9.823 2.625 3.799 2.427 4.223 1.269 3.844 4.455 5.097 6.508 4.325 1.345 0.6661 0.1777 0.5728 0.815 3.801 5.147 11.03 1.03 0.3129 4.182 1.998 0.5818 6.63 2.599 0.3748 1.645 3.246 6.139 0.3195 1.48 0.3558 7.267 23.15 1.594 24 64.84 356.6 324.3 464.9 191.6 5.557 36.26 5.972 109 549.9 423
2.008 1.043 1.341 2.27 9.568 14.91 13.15 12.38 5.633 7.482 27.04 3.432 10.88 2.476 2.869 2.133 4.924 4.252 2.932 2.773 3.333 2.52 4.791 1.749 0.8769 3.875 2.281 16.17 18.88 0.337 0.5911 0.5879 0.5169 0.861 1.983 0.2064 0.2428 0.9544 1.059 5.461 0.3993 5.984 0.0893 0.8914 1.821 9.404 10.4 106 826.1 339.9 318 246.1 27.93 166.6 21.35 83.92 216.8 1499
2.754 2.693 3.845 4.862 8.433 16.11 5.859 2.462 1.076 4.322 9.763 3.579 3.049 4.235 1.791 0.6107 2.063 3.556 2.659 4.325 1.98 1.444 2.734 3.186 2.922 8 2.856 6.289 6.249 0.3753 1.449 0.3524 1.11 0.6253 0.3752 0.2009 0.3039 0.9478 1.699 23.72 0.5965 0.461 0.7068 0.6018 6.008 6.993 175.9 107.5 6.96 557.4 528 193.5 105.2 82.92 118.2 169.1 337.1 2205
5.616 4.928 6.689 6.294 2.005 2.241 1.78 0.7731 0.9766 2.876 6.679 2.62 6.026 4.295 5.319 2.962 1.578 1.696 1.343 0.376 0.9946 1.86 5.461 0.7263 6.751 4.287 3.275 4.2 8.155 12.06 8.684 0.1635 0.2507 0.2181 0.6911 0.1434 0.2547 4.868 14.84 2.82 0.274 1.374 1.125 0.4439 8.028 1.937 42.06 17.48 55.6 231 841.5 75.26 6.858 33.19 12.85 539.1 336.2 199.7
5.452 3.069 2.799 2.56 3.152 2.885 0.9001 0.958 1.084 1.85 1.893 1.609 2.104 5.524 17.5 6.651 10.14 3.146 7.85 1.672 3.852 1.87 9.922 8.338 7.616 0.9683 1.118 3.474 9.48 24.39 22.12 0.4772 0.1082 0.2146 0.7681 2.449 0.5249 9.707 24.19 8.883 0.178 1.125 1.133 1.156 1.033 5.256 61.44 2.016 6.327 181.3 266.1 3.01 0.5071 99.85 1.234 320.8 284.8 172.5
3.156 1.548 1.476 1.242 1.47 1.537 0.8199 0.704 0.751 1.039 1.148 1.395 1.776 1.389 4.841 8.523 21.16 2.603 17.64 6.293 9.152 17.82 18.25 23.79 8.918 0.9153 0.4912 5.187 31.28 60.69 9.879 0.7395 0.6749 0.37 0.5379 6.748 2.306 2.415 11.59 8.639 0.8346 1.295 0.8265 0.9631 1.206 7.162 14.15 30.76 10.27 213.2 62.46 0.648 9.64 45.31 1.157 35.76 34.31 85.74
2.099 1.248 0.9735 0.8536 0.7695 0.6461 0.5414 0.6917 0.8785 1.195 1.496 1.548 1.808 1.167 1.608 7.709 1.678 1.084 0.974 12.52 44.8 27.43 28.24 18.14 3.851 11.01 1.006 8.056 53.8 57.68 13.74 5.681 3.183 6.117 21.93 0.8111 3.062 1.234 23.22 2.286 0.7561 3.644 0.5454 0.6913 3.152 1.467 2.283 6.914 30.99 208.9 120.6 1.93 3.393 8.187 0.4447 0.9361 8.219 8.058
2.142 1.402 1.235 0.9149 0.6537 0.591 0.7322 0.997 0.7914 1.021 1.458 2.881 5.423 8.656 13.79 14.96 2.667 2.96 7.164 28.03 26.11 8.826 7.23 15.91 19.28 13.93 14.78 25.64 61.24 26.94 20.38 9.015 9.177 14.73 37.74 3.375 0.8201 52.74 48.43 0.8862 4.198 1.502 7.653 1.431 2.456 8.488 1.054 6.111 112.2 190.5 64.29 4.444 9.11 5.807 0.3066 3.501 3.539 27.12
4.759 6.121 7.807 5.388 1.712 0.9958 1.01 1.872 1.38 1.664 1.698 3.376 7.341 14.99 18.99 14.89 10.18 12.59 23.38 35.73 4.671 3.933 16.82 9.933 38.16 34.01 47.25 59.92 43.57 32.01 3.552 4.47 13.6 34.1 37.24 14.18 16.4 51.53 25.75 0.4549 7.025 1.408 2.427 30.86 0.9275 1.863 8.221 140.9 194.3 27.43 14.12 2.753 1.028 4.816 0.3048 0.481 4.357 64.11
3.747 7.749 13.94 13.23 3.641 1.627 1.263 2.421 6.521 14.15 16.1 16.53 17.2 21.65 30.43 46.09 60.83 59.4 81.66 31.18 8.171 18.05 33.14 5.634 4.568 19.11 21.87 21.42 3.117 3.316 1.122 4.892 24.37 22.44 63.23 56.22 216.3 40.2 4.777 0.4746 0.6732 5.846 2.427 4.903 29.2 0.3964 85.23 247.9 48.84 42.12 16.9 1.514 7.312 0.8429 4.69 25.73 7.951 18
