data/AtlasDataNEP05_1_1_uni_z50.5.wrm.e_m.ASC
ncols         225 
nrows         153
xllcorner     220 
yllcorner     2800 
cellsize       5
NODATA_value  1.70141e+038
[rows 104 to 129 of 153, columns 116 to 173 of 225]
9.475 10.78 1.70141E+038 13.19 12 7.533 5.887 6.896 9.814 15.52 21 22.25 19.97 17.75 20.73 29.55 36.07 41.53 56.58 51.34 40.98 39.57 39.51 21.85 8.826 6.496 3.338 1.439 0.969 1.143 1.47 0.912 1.693 9.674 18.73 36.5 33.29 27.26 19.4 2.929 0.3427 3.896 16.08 1.008 2.299 7.555 84.61 11.14 9.291 2.078 11.47 2.225 1.31 0.7349 0.3323 1.932 0.1754 24.18
1.70141E+038 1.70141E+038 1.70141E+038 1.70141E+038 1.70141E+038 11.48 16.71 18.53 21.68 24.02 24.06 18 13.99 12.92 15.91 18.38 21.27 35.71 60.99 75.4 77.86 66.51 47.73 18.26 7.253 5.381 4.277 3.794 2.964 2.557 2.624 1.513 0.8879 1.852 3.227 15.55 36.51 40.68 17.49 8.151 7.337 13.45 27.96 4.164 0.9152 5.515 47.15 5.147 1.481 3.747 0.5607 0.5975 1.807 0.5595 0.4213 0.7713 1.477 0.5309
1.70141E+038 1.70141E+038 1.70141E+038 1.70141E+038 1.70141E+038 1.70141E+038 24.89 22.46 17.7 15.8 12.58 9.191 8.635 8.568 10.08 13.33 20.79 34.08 52.1 65.91 66.12 50.93 35.72 17.75 12.17 11.31 5.009 1.498 1.748 4.018 7.215 4.498 2.609 3.46 8.722 8.453 2.737 7.475 19.35 7.459 4.622 11.15 38.83 9.608 1.828 9.218 56.38 9.19 3.521 8.56 1.726 0.8492 1.567 0.5641 0.6515 1.155 1.844 19.61
1.70141E+038 1.70141E+038 1.70141E+038 1.70141E+038 1.70141E+038 1.70141E+038 1.70141E+038 1.70141E+038 1.70141E+038 1.70141E+038 1.70141E+038 1.70141E+038 11.85 12.81 13.66 15.88 21.22 29.44 36.96 40.84 36.62 36.84 37.21 26.54 21.11 21.06 16.83 10.01 5.552 4.56 5.096 4.901 4.667 4.619 4.497 2.391 1.212 2.446 6.764 27.09 36.08 24.46 17.57 11.2 14.57 25.38 33.44 12.67 11.35 11.98 2.024 3.129 1.983 1.574 1.446 3.549 3.882 12.89
1.70141E+038 1.70141E+038 1.70141E+038 1.70141E+038 1.70141E+038 1.70141E+038 1.70141E+038 1.70141E+038 1.70141E+038 1.70141E+038 1.70141E+038 1.70141E+038 1.70141E+038 19.36 18.92 19.22 21.17 24.85 29.28 31.68 29.42 24.53 20.18 23.91 36.14 38.14 27.68 11.1 4.527 2.84 2.589 3.251 3.864 3.911 3.736 3.593 4.03 4.784 6.196 10.84 16.73 25.26 36.1 27.34 52.42 107.8 36.58 19.18 18.44 8.326 6.741 7.228 6.096 2.435 2.669 5.553 6.139 18.46
1.70141E+038 1.70141E+038 1.70141E+038 1.70141E+038 1.70141E+038 1.70141E+038 1.70141E+038 1.70141E+038 1.70141E+038 1.70141E+038 1.70141E+038 1.70141E+038 1.70141E+038 25.04 25.92 25.74 26.16 28.84 32.14 34.36 36.72 39.91 42.24 38.63 29.65 22.04 22.18 27.48 21.46 7.652 3.396 2.24 1.956 2.571 4.603 9.635 14.25 13.59 17.16 21.79 17.13 18.39 12.88 10.92 53.8 104.4 33.49 12.18 8.564 13.96 11.91 7.695 8.196 3.402 2.443 5.038 17.99 95.42
1.70141E+038 1.70141E+038 1.70141E+038 1.70141E+038 1.70141E+038 1.70141E+038 1.70141E+038 1.70141E+038 1.70141E+038 1.70141E+038 1.70141E+038 1.70141E+038 1.70141E+038 27.05 29 30.08 30.87 32.72 35.09 37.15 40.87 45.77 47.32 48.23 49.62 45.97 36.82 25.32 15.18 13.95 17.56 15.2 11.26 10.63 11.77 13.74 16.71 19.08 18.57 23.51 18.06 12.21 7.763 15.18 56.58 114.5 76.63 15.11 4.951 4.463 21.78 48.22 19.35 8.704 6.895 11.77 49.65 78.14
1.70141E+038 1.70141E+038 1.70141E+038 1.70141E+038 1.70141E+038 1.70141E+038 1.70141E+038 1.70141E+038 1.70141E+038 1.70141E+038 1.70141E+038 1.70141E+038 1.70141E+038 27.51 30.06 32.17 34.01 35.96 37.59 40.27 45.48 50.74 54.06 55.97 59.22 56.65 51.14 50.79 44.75 34.1 25.2 16.89 13.28 14.3 17.35 21.1 25.84 27.8 21.35 16.86 16.34 26.3 30.27 30.47 39.58 35.62 15.05 8.051 14.98 13.23 20.8 72.69 85.78 11.3 11.51 5.881 10.22 12.88
1.70141E+038 1.70141E+038 1.70141E+038 1.70141E+038 1.70141E+038 1.70141E+038 1.70141E+038 1.70141E+038 1.70141E+038 1.70141E+038 1.70141E+038 1.70141E+038 24.23 26.76 29.3 31.84 34.32 36.41 37.73 40.37 46.02 50.25 51.98 55.57 59.94 61.51 60.57 57.34 50.43 44.24 39.71 33.16 28.55 26.83 25.5 23.78 24.32 25.32 30.36 42.89 39.74 30.82 20.77 14.96 18.2 23.65 11.48 3.743 2.605 2.653 8.759 99.06 63.44 7.205 9.002 4.07 10.01 18.31
1.70141E+038 1.70141E+038 1.70141E+038 1.70141E+038 1.70141E+038 1.70141E+038 1.70141E+038 1.70141E+038 1.70141E+038 1.70141E+038 1.70141E+038 1.70141E+038 24.23 26.4 28.76 31.33 34.02 36.6 38.71 42.09 47.48 50.33 51.39 54.61 58.36 60.48 61.52 62.05 60.88 57.24 51.24 43.37 37.72 34.76 32.72 30.05 28.41 28.28 33.39 40.82 40.8 37.71 35.06 31.05 22.53 13.75 9.179 4.638 2.426 4.166 16.05 124.2 93.11 31.83 12.48 10.31 29.02 14.24
1.70141E+038 1.70141E+038 1.70141E+038 1.70141E+038 1.70141E+038 1.70141E+038 1.70141E+038 1.70141E+038 1.70141E+038 1.70141E+038 1.70141E+038 1.70141E+038 1.70141E+038 1.70141E+038 1.70141E+038 1.70141E+038 32.93 35.42 37.51 40.98 46.04 49.24 50.92 52.99 55.25 57.44 59.29 60.72 61.18 60.75 59.57 56.37 51.29 46.25 42.06 38.54 37.16 37.28 39.67 42.94 45.15 45.8 39.95 32.92 31.92 35.35 39.73 34.64 28.2 32.1 61.36 90.85 66.05 64.58 24.32 20.07 8.278 3.074
1.70141E+038 1.70141E+038 1.70141E+038 1.70141E+038 1.70141E+038 1.70141E+038 1.70141E+038 1.70141E+038 1.70141E+038 1.70141E+038 1.70141E+038 1.70141E+038 1.70141E+038 1.70141E+038 1.70141E+038 1.70141E+038 1.70141E+038 1.70141E+038 1.70141E+038 39.79 44.13 47.08 48.96 51.3 54.13 56.67 58.61 60.01 61.03 62.02 62.65 62.09 59.11 54.13 49.1 45.22 43.47 43.05 44.34 45.72 44.96 39.22 32.21 33.34 40.75 53.09 65.47 70.19 65.86 64.25 80.56 65.67 52.14 43.05 23.98 15.85 7.405 9.564
1.70141E+038 1.70141E+038 1.70141E+038 1.70141E+038 1.70141E+038 1.70141E+038 1.70141E+038 1.70141E+038 1.70141E+038 1.70141E+038 1.70141E+038 1.70141E+038 1.70141E+038 1.70141E+038 1.70141E+038 1.70141E+038 1.70141E+038 1.70141E+038 1.70141E+038 38.6 41.37 43.76 46.29 49.21 52.18 54.82 57.09 58.88 60.47 62.18 63.94 65.26 64.38 60.96 57.02 53.71 51.08 49.41 49.36 49.91 48.63 45.74 42.37 45.44 55.33 59.44 62.97 71.83 74.96 67.4 64.81 56.15 44.79 45.87 48.28 32.66 18.15 10.25
1.70141E+038 1.70141E+038 1.70141E+038 1.70141E+038 1.70141E+038 1.70141E+038 1.70141E+038 1.70141E+038 1.70141E+038 1.70141E+038 1.70141E+038 1.70141E+038 1.70141E+038 1.70141E+038 1.70141E+038 1.70141E+038 1.70141E+038 1.70141E+038 1.70141E+038 1.70141E+038 39.4 41.7 1.70141E+038 47.62 50.31 52.59 54.7 57.06 59.38 61.77 64.1 65.58 1.70141E+038 63.24 61.2 58.74 56.38 54.64 54.48 53.84 50.14 47.18 45.3 46.14 49.01 53.22 59.18 63.42 63.69 58.64 58.69 67.19 75.95 70.26 57.65 44.76 28.34 16.99
1.70141E+038 1.70141E+038 1.70141E+038 1.70141E+038 1.70141E+038 1.70141E+038 1.70141E+038 1.70141E+038 1.70141E+038 1.70141E+038 1.70141E+038 1.70141E+038 1.70141E+038 1.70141E+038 1.70141E+038 1.70141E+038 1.70141E+038 1.70141E+038 1.70141E+038 1.70141E+038 1.70141E+038 1.70141E+038 1.70141E+038 45.48 47.84 50.16 52.43 54.82 56.98 59.34 1.70141E+038 1.70141E+038 1.70141E+038 1.70141E+038 64.9 63.76 62.23 60.4 59.1 57.84 56.49 55.55 53.63 52.3 52.97 54.09 55.61 57.45 57.71 52.41 48.54 57.23 73.86 84.5 83.19 78.13 73.95 57.8
1.70141E+038 1.70141E+038 1.70141E+038 1.70141E+038 1.70141E+038 1.70141E+038 1.70141E+038 1.70141E+038 1.70141E+038 1.70141E+038 1.70141E+038 1.70141E+038 1.70141E+038 1.70141E+038 1.70141E+038 1.70141E+038 1.70141E+038 1.70141E+038 1.70141E+038 1.70141E+038 1.70141E+038 1.70141E+038 1.70141E+038 1.70141E+038 45.51 47.87 50.61 53.12 1.70141E+038 1.70141E+038 1.70141E+038 1.70141E+038 1.70141E+038 1.70141E+038 64.78 64.55 64.05 63.16 61.57 60.79 61.2 61.2 59.96 58.38 57.69 57.12 56.42 55.37 53.99 49.47 48.96 63.43 86.91 99.02 99.37 97.62 98.75 85.31
1.70141E+038 1.70141E+038 1.70141E+038 1.70141E+038 1.70141E+038 1.70141E+038 1.70141E+038 1.70141E+038 1.70141E+038 1.70141E+038 1.70141E+038 1.70141E+038 1.70141E+038 1.70141E+038 1.70141E+038 1.70141E+038 1.70141E+038 1.70141E+038 1.70141E+038 1.70141E+038 1.70141E+038 1.70141E+038 1.70141E+038 1.70141E+038 1.70141E+038 1.70141E+038 1.70141E+038 1.70141E+038 1.70141E+038 1.70141E+038 1.70141E+038 1.70141E+038 1.70141E+038 1.70141E+038 64.43 65.83 66.02 65.14 64.56 64.53 63.87 63.19 62.93 62.39 62 61.18 60.84 61.21 62.31 62.59 63.14 67.05 71.78 78.18 86.32 90.9 82.87 70.3
1.70141E+038 1.70141E+038 1.70141E+038 1.70141E+038 1.70141E+038 1.70141E+038 1.70141E+038 1.70141E+038 1.70141E+038 1.70141E+038 1.70141E+038 1.70141E+038 1.70141E+038 1.70141E+038 1.70141E+038 1.70141E+038 1.70141E+038 1.70141E+038 1.70141E+038 1.70141E+038 1.70141E+038 1.70141E+038 1.70141E+038 1.70141E+038 1.70141E+038 1.70141E+038 1.70141E+038 1.70141E+038 1.70141E+038 1.70141E+038 1.70141E+038 1.70141E+038 1.70141E+038 1.70141E+038 62.56 64.21 65.1 64.77 64.28 63.98 1.70141E+038 63.74 63.56 63.31 62.9 62.7 62.85 63.17 64.26 65.61 67.56 70.6 72.75 72.68 72.95 72.98 71.99 71.58
1.70141E+038 1.70141E+038 1.70141E+038 1.70141E+038 1.70141E+038 1.70141E+038 1.70141E+038 1.70141E+038 1.70141E+038 1.70141E+038 1.70141E+038 1.70141E+038 1.70141E+038 1.70141E+038 1.70141E+038 1.70141E+038 1.70141E+038 1.70141E+038 1.70141E+038 1.70141E+038 1.70141E+038 1.70141E+038 1.70141E+038 1.70141E+038 1.70141E+038 1.70141E+038 1.70141E+038 1.70141E+038 1.70141E+038 1.70141E+038 1.70141E+038 1.70141E+038 1.70141E+038 1.70141E+038 1.70141E+038 1.70141E+038 62.24 63.34 63.62 1.70141E+038 1.70141E+038 1.70141E+038 1.70141E+038 1.70141E+038 63.97 1.70141E+038 1.70141E+038 65.97 67.15 68.76 70.42 71.63 71.58 70.36 70.65 71.87 72.77 73.67
1.70141E+038 1.70141E+038 1.70141E+038 1.70141E+038 1.70141E+038 1.70141E+038 1.70141E+038 1.70141E+038 1.70141E+038 1.70141E+038 1.70141E+038 1.70141E+038 1.70141E+038 1.70141E+038 1.70141E+038 1.70141E+038 1.70141E+038 1.70141E+038 1.70141E+038 1.70141E+038 1.70141E+038 1.70141E+038 1.70141E+038 1.70141E+038 1.70141E+038 1.70141E+038 1.70141E+038 1.70141E+038 1.70141E+038 1.70141E+038 1.70141E+038 1.70141E+038 1.70141E+038 1.70141E+038 1.70141E+038 1.70141E+038 1.70141E+038 1.70141E+038 1.70141E+038 1.70141E+038 1.70141E+038 1.70141E+038 1.70141E+038 1.70141E+038 1.70141E+038 1.70141E+038 1.70141E+038 1.70141E+038 1.70141E+038 1.70141E+038 72.91 74.09 74.67 73.77 73.2 73.81 74.92 76.17
1.70141E+038 1.70141E+038 1.70141E+038 1.70141E+038 1.70141E+038 1.70141E+038 1.70141E+038 1.70141E+038 1.70141E+038 1.70141E+038 1.70141E+038 1.70141E+038 1.70141E+038 1.70141E+038 1.70141E+038 1.70141E+038 1.70141E+038 1.70141E+038 1.70141E+038 1.70141E+038 1.70141E+038 1.70141E+038 1.70141E+038 1.70141E+038 1.70141E+038 1.70141E+038 1.70141E+038 1.70141E+038 1.70141E+038 1.70141E+038 1.70141E+038 1.70141E+038 1.70141E+038 1.70141E+038 1.70141E+038 1.70141E+038 1.70141E+038 1.70141E+038 1.70141E+038 1.70141E+038 1.70141E+038 1.70141E+038 1.70141E+038 1.70141E+038 1.70141E+038 1.70141E+038 1.70141E+038 1.70141E+038 1.70141E+038 1.70141E+038 1.70141E+038 72.8 73.44 73.38 73.09 73.22 73.79 74.91
1.70141E+038 1.70141E+038 1.70141E+038 1.70141E+038 1.70141E+038 1.70141E+038 1.70141E+038 1.70141E+038 1.70141E+038 1.70141E+038 1.70141E+038 1.70141E+038 1.70141E+038 1.70141E+038 1.70141E+038 1.70141E+038 1.70141E+038 1.70141E+038 1.70141E+038 1.70141E+038 1.70141E+038 1.70141E+038 1.70141E+038 1.70141E+038 1.70141E+038 1.70141E+038 1.70141E+038 1.70141E+038 1.70141E+038 1.70141E+038 1.70141E+038 1.70141E+038 1.70141E+038 1.70141E+038 1.70141E+038 1.70141E+038 1.70141E+038 1.70141E+038 1.70141E+038 1.70141E+038 1.70141E+038 1.70141E+038 1.70141E+038 1.70141E+038 1.70141E+038 1.70141E+038 1.70141E+038 1.70141E+038 1.70141E+038 1.70141E+038 1.70141E+038 1.70141E+038 1.70141E+038 1.70141E+038 73.79 78.18 1.70141E+038 1.70141E+038
1.70141E+038 1.70141E+038 1.70141E+038 1.70141E+038 1.70141E+038 1.70141E+038 1.70141E+038 1.70141E+038 1.70141E+038 1.70141E+038 1.70141E+038 1.70141E+038 1.70141E+038 1.70141E+038 1.70141E+038 1.70141E+038 1.70141E+038 1.70141E+038 1.70141E+038 1.70141E+038 1.70141E+038 1.70141E+038 1.70141E+038 1.70141E+038 1.70141E+038 1.70141E+038 1.70141E+038 1.70141E+038 1.70141E+038 1.70141E+038 1.70141E+038 1.70141E+038 1.70141E+038 1.70141E+038 1.70141E+038 1.70141E+038 1.70141E+038 1.70141E+038 1.70141E+038 1.70141E+038 1.70141E+038 1.70141E+038 1.70141E+038 1.70141E+038 1.70141E+038 1.70141E+038 1.70141E+038 1.70141E+038 1.70141E+038 1.70141E+038 1.70141E+038 1.70141E+038 1.70141E+038 1.70141E+038 1.70141E+038 1.70141E+038 1.70141E+038 1.70141E+038
1.70141E+038 1.70141E+038 1.70141E+038 1.70141E+038 1.70141E+038 1.70141E+038 1.70141E+038 1.70141E+038 1.70141E+038 1.70141E+038 1.70141E+038 1.70141E+038 1.70141E+038 1.70141E+038 1.70141E+038 1.70141E+038 1.70141E+038 1.70141E+038 1.70141E+038 1.70141E+038 1.70141E+038 1.70141E+038 1.70141E+038 1.70141E+038 1.70141E+038 1.70141E+038 1.70141E+038 1.70141E+038 1.70141E+038 1.70141E+038 1.70141E+038 1.70141E+038 1.70141E+038 1.70141E+038 1.70141E+038 1.70141E+038 1.70141E+038 1.70141E+038 1.70141E+038 1.70141E+038 1.70141E+038 1.70141E+038 1.70141E+038 1.70141E+038 1.70141E+038 1.70141E+038 1.70141E+038 1.70141E+038 1.70141E+038 1.70141E+038 1.70141E+038 1.70141E+038 1.70141E+038 1.70141E+038 1.70141E+038 1.70141E+038 1.70141E+038 1.70141E+038
1.70141E+038 1.70141E+038 1.70141E+038 1.70141E+038 1.70141E+038 1.70141E+038 1.70141E+038 1.70141E+038 1.70141E+038 1.70141E+038 1.70141E+038 1.70141E+038 1.70141E+038 1.70141E+038 1.70141E+038 1.70141E+038 1.70141E+038 1.70141E+038 1.70141E+038 1.70141E+038 1.70141E+038 1.70141E+038 1.70141E+038 1.70141E+038 1.70141E+038 1.70141E+038 1.70141E+038 1.70141E+038 1.70141E+038 1.70141E+038 1.70141E+038 1.70141E+038 1.70141E+038 1.70141E+038 1.70141E+038 1.70141E+038 1.70141E+038 1.70141E+038 1.70141E+038 1.70141E+038 1.70141E+038 1.70141E+038 1.70141E+038 1.70141E+038 1.70141E+038 1.70141E+038 1.70141E+038 1.70141E+038 1.70141E+038 1.70141E+038 1.70141E+038 1.70141E+038 1.70141E+038 1.70141E+038 1.70141E+038 1.70141E+038 1.70141E+038 1.70141E+038
1.70141E+038 1.70141E+038 1.70141E+038 1.70141E+038 1.70141E+038 1.70141E+038 1.70141E+038 1.70141E+038 1.70141E+038 1.70141E+038 1.70141E+038 1.70141E+038 1.70141E+038 1.70141E+038 1.70141E+038 1.70141E+038 1.70141E+038 1.70141E+038 1.70141E+038 1.70141E+038 1.70141E+038 1.70141E+038 1.70141E+038 1.70141E+038 1.70141E+038 1.70141E+038 1.70141E+038 1.70141E+038 1.70141E+038 1.70141E+038 1.70141E+038 1.70141E+038 1.70141E+038 1.70141E+038 1.70141E+038 1.70141E+038 1.70141E+038 1.70141E+038 1.70141E+038 1.70141E+038 1.70141E+038 1.70141E+038 1.70141E+038 1.70141E+038 1.70141E+038 1.70141E+038 1.70141E+038 1.70141E+038 1.70141E+038 1.70141E+038 1.70141E+038 1.70141E+038 1.70141E+038 1.70141E+038 1.70141E+038 1.70141E+038 1.70141E+038 1.70141E+038
