data/AtlasDataNEP05_1_1_uni_z50.5.wrm.e_m.ASC
ncols         225 
nrows         153
xllcorner     220 
yllcorner     2800 
cellsize       5
NODATA_value  1.70141e+038
[rows 52 to 77 of 153, columns 58 to 115 of 225]
492.3 167.7 119.2 50.83 97.63 100.6 82.47 84.12 128.2 149.6 81.15 45.67 5.484 2.264 1.995 2.296 0.9046 0.6156 0.9594 0.2613 1.735 1.612 39.27 91.28 93.38 128.4 140 104.6 102.2 308.3 677.2 730.8 1.70141E+038 1.70141E+038 1.70141E+038 1.70141E+038 1.70141E+038 1.70141E+038 1.70141E+038 1.70141E+038 1.70141E+038 1.70141E+038 1.70141E+038 1.70141E+038 1.70141E+038 1.70141E+038 1.70141E+038 1.70141E+038 1.70141E+038 1.70141E+038 1.70141E+038 1.70141E+038 1.70141E+038 1.70141E+038 1.70141E+038 1.70141E+038 1.70141E+038 1.70141E+038
143.9 81.79 99.32 11.93 6.247 13.77 21.99 30.4 113 192.1 52.24 10.55 4.698 0.7899 0.7914 1.598 2.211 1.219 0.5338 0.2821 2.213 7.368 24.25 72.39 163.1 192 98.5 99.85 87.72 268.2 746.7 566.7 532.1 1.70141E+038 1.70141E+038 1.70141E+038 1.70141E+038 1.70141E+038 1.70141E+038 1.70141E+038 1.70141E+038 1.70141E+038 1.70141E+038 1.70141E+038 1.70141E+038 1.70141E+038 1.70141E+038 1.70141E+038 1.70141E+038 1.70141E+038 1.70141E+038 1.70141E+038 1.70141E+038 1.70141E+038 1.70141E+038 1.70141E+038 1.70141E+038 1.70141E+038
63.11 26.33 16.29 2.511 2.439 3.603 3.156 16.19 99.91 32.83 2.723 2.317 4.857 0.8777 0.8073 1.704 1.097 1.466 0.2867 1.465 1.749 1.746 14.97 52.5 115.6 200.3 62.55 89.04 98.91 128.6 588.8 777 541.4 549.8 848.2 1.70141E+038 1.70141E+038 1.70141E+038 1.70141E+038 1.70141E+038 1.70141E+038 1.70141E+038 1.70141E+038 1.70141E+038 1.70141E+038 1.70141E+038 1.70141E+038 1.70141E+038 1.70141E+038 1.70141E+038 1.70141E+038 1.70141E+038 1.70141E+038 1.70141E+038 1.70141E+038 1.70141E+038 1.70141E+038 1.70141E+038
13.94 1.654 1.853 0.806 1.063 0.5479 5.855 5.016 108.7 10.96 6.165 6.813 4.573 0.1835 1.171 0.5295 0.7983 2.188 0.7677 0.7121 1.896 9.714 17.21 32.55 57.5 114.1 42.12 18.4 42.44 55.12 153.2 189 334.5 353.4 536.6 707.7 1105 1449 1.70141E+038 1.70141E+038 1.70141E+038 1.70141E+038 1.70141E+038 1.70141E+038 1.70141E+038 1.70141E+038 1.70141E+038 1.70141E+038 1.70141E+038 1.70141E+038 1.70141E+038 1.70141E+038 1.70141E+038 1.70141E+038 1.70141E+038 1.70141E+038 1.70141E+038 1.70141E+038
0.7164 0.5431 0.7654 0.3914 2.613 0.4802 3.039 7.8 50.04 68.65 15.45 8.145 8.718 1.036 2.305 0.1469 0.08916 1.238 1.309 2.392 6.769 8.693 3.101 3.902 5.812 49.86 49.46 3.344 20.03 22.48 59.42 14.26 58.83 153.7 208.1 208.8 310.5 553.4 662.2 842.6 1015 1.70141E+038 1.70141E+038 1.70141E+038 1.70141E+038 1.70141E+038 1.70141E+038 1.70141E+038 1.70141E+038 1.70141E+038 1.70141E+038 1.70141E+038 1.70141E+038 1.70141E+038 1.70141E+038 1.70141E+038 1.70141E+038 1.70141E+038
2.269 0.3221 0.3718 0.5456 1.187 0.7079 3.475 5.422 2.086 37.71 12.17 15.46 4.682 0.8321 4.318 1.077 0.6955 2.226 2.1 2.16 3.959 4.492 6.017 1.092 1.095 2.75 11.2 5.567 40.77 114.3 32.22 4.073 8.808 40.66 11.91 9.842 24.95 141.9 273.7 321.8 493.3 696.2 1308 1.70141E+038 1.70141E+038 1.70141E+038 1.70141E+038 1.70141E+038 1.70141E+038 1.70141E+038 1.70141E+038 1.70141E+038 1.70141E+038 1.70141E+038 1.70141E+038 1.70141E+038 1.70141E+038 1.70141E+038
2.743 0.9711 0.428 0.4839 1.148 3.136 1.063 1.52 0.5009 2.526 3.668 23.32 11.16 0.7806 0.9341 2.414 1.988 0.6983 1.354 4.093 6.28 28.55 48.76 26.49 13.02 8.024 33.42 72.93 54.04 50.55 16.86 7.948 37.8 71.37 15.8 4.681 7.089 6.268 16.92 80.32 202 380.7 701.9 1.70141E+038 1.70141E+038 1.70141E+038 1.70141E+038 1.70141E+038 1.70141E+038 1.70141E+038 1.70141E+038 1.70141E+038 1.70141E+038 1.70141E+038 1.70141E+038 1.70141E+038 1.70141E+038 1.70141E+038
1.35 0.8196 0.6222 0.7827 1.257 0.7609 2.126 8.198 16.25 15.41 7.396 6.52 5.479 1.287 0.2472 1.38 0.8055 5.285 3.669 1.86 3.495 2.882 1.752 7.337 35.14 42.41 55.64 27.86 25.57 58 18.03 26.76 64.89 41.32 27.02 28.12 32.47 33.75 4.829 27.42 41.33 99.28 369 741.8 1.70141E+038 1.70141E+038 1.70141E+038 1.70141E+038 1.70141E+038 1.70141E+038 1.70141E+038 1.70141E+038 1.70141E+038 1.70141E+038 1.70141E+038 1.70141E+038 1.70141E+038 1.70141E+038
0.8778 0.6292 1.747 2.323 5.368 8.105 11.63 27.05 57.59 46.44 11.05 0.6804 1.047 6.947 3.193 0.3003 0.4785 3.047 6.886 6.01 0.436 0.3317 2.2 16.59 62.55 115.8 92.6 149.6 226 95.98 20.62 29.68 16.75 9.818 2.297 5.913 79.53 42.56 4.198 20.55 44.14 17.51 55.5 388 785.5 1.70141E+038 1.70141E+038 1.70141E+038 1.70141E+038 1.70141E+038 1.70141E+038 1.70141E+038 1.70141E+038 1.70141E+038 1.70141E+038 1.70141E+038 1.70141E+038 1.70141E+038
4.122 7.202 8.169 5.248 13.32 35.91 13.46 2.233 8.764 7.786 0.279 4.194 1.443 6.034 1.552 4.168 1.643 1.49 3.723 4.433 4.741 6.129 12.43 18.54 34.88 49.38 81.11 171.5 349.9 911.9 139.4 46.52 98.49 18.92 2.573 9.652 15.47 110.3 17.39 36.92 164.5 54.79 12.89 140.8 592.4 1.70141E+038 1.70141E+038 1.70141E+038 1.70141E+038 1.70141E+038 1.70141E+038 1.70141E+038 1.70141E+038 1.70141E+038 1.70141E+038 1.70141E+038 1.70141E+038 1.70141E+038
3.397 7.758 6.62 3.765 10.69 28.08 4.483 2.324 2.472 12.32 3.799 18.5 9.231 6.871 0.5227 2.674 4.828 1.123 1.046 1.653 5.644 12.77 11.1 8.652 7.315 2.149 16.29 42.94 111.5 470.8 346.8 105 230.2 239.5 105.1 38.04 14.26 79.26 130.8 71.28 160.9 196 62.37 58.61 285.9 708.4 1.70141E+038 1.70141E+038 1.70141E+038 1.70141E+038 1.70141E+038 1.70141E+038 1.70141E+038 1.70141E+038 1.70141E+038 1.70141E+038 1.70141E+038 1.70141E+038
1.852 0.9669 2.756 1.491 6.221 12.04 4.23 1.604 13.79 0.8262 12.14 46.55 14.51 1.644 0.09343 0.8243 3.255 1.397 0.653 1.811 3.902 2.157 1.055 1.576 2.184 1.131 5.533 25.42 38.65 150.3 146.8 98.21 124.2 123.4 81.21 115.7 121.7 98.78 167.2 109.8 121.8 176.9 180.4 98.38 103.6 411.7 1.70141E+038 1.70141E+038 1.70141E+038 1.70141E+038 1.70141E+038 1.70141E+038 1.70141E+038 1605 447.7 140.7 153.4 233.6
0.695 0.7583 1.635 0.7959 1.875 9.104 3.899 5.57 1.347 2.057 4.761 43.64 21.57 0.298 0.5465 1.741 1.382 0.9714 0.9181 2.08 1.678 1.364 0.8866 0.6804 0.9559 2.323 0.7167 17.51 218.3 123.1 72.89 96.29 90.55 66.08 34.53 75.48 137.3 161.2 269.8 154.3 91.07 135.4 161.7 186.8 166.4 262.5 520 753.8 1.70141E+038 1.70141E+038 1.70141E+038 625.1 1073 1292 129.1 114 93.6 101.6
3.145 0.5422 0.1096 0.4737 0.2175 8.236 2.159 3.79 3.151 8.449 22.01 60.56 76.21 14.41 6.846 3.709 2.294 1.437 1.209 1.953 2.023 0.6143 0.4496 1.38 4.096 4.913 1.701 11.63 107.6 50.45 56.05 118.8 151.8 109.3 71.83 25.73 48.85 141.4 141.4 167 127.4 197.2 81.46 75.73 238.1 229.5 332.5 443.8 1.70141E+038 1.70141E+038 880.8 1020 1125 1187 177.2 86.46 51.57 32.04
9.1 1.626 0.2101 0.39 0.3243 1.896 1.217 1.172 4.369 20.95 30.3 38.25 21.78 24.26 38.49 11.79 6.068 2.089 1.217 1.219 0.9921 0.5495 1.189 2.123 3.914 5.377 7.277 27.69 95.39 69.48 41.54 70.38 126.4 30.4 30.62 70.3 31.14 137.5 140.8 57.88 57.3 170.4 197.6 22.97 87.94 165.9 242.3 321.7 389.1 518.9 748.3 1143 1503 891.3 145.3 83.11 37.67 20.35
11.66 1.266 0.8566 0.4713 0.1716 0.9889 2.071 4.264 6.167 7.892 3.648 2.418 7.194 13.62 32.55 53.13 19.91 2.864 1.089 1.866 15.39 5.015 12.76 10.04 10.12 5.302 32.56 14.74 5.614 7.821 12.62 33.28 197.4 106.2 13.65 26.48 72.69 119.4 225.1 80.63 23.34 65.23 199.4 115.5 49.84 49.35 76.69 190 278.3 353 574.6 1068 1668 492.8 64.99 83.81 26.68 36.3
3.208 3.4 2.916 2.954 5.718 19.63 9.066 3.062 4.296 6.801 3.597 4.501 7.053 11.57 23.54 27.53 23.99 10.23 3.284 4.46 6.344 21.34 23.92 27.44 39.66 22.8 45.86 9.622 1.083 0.9503 1.442 17.12 41.84 93.04 26.41 6.548 67.65 162.3 205.1 106.9 97.57 81.82 221.5 124 51.25 52.58 13.88 62.17 242.4 508.6 743.3 1202 835.3 80.18 43.32 42.99 16.51 19.22
8.862 6.045 2.824 2.303 7.758 13.78 1.863 1.105 3.974 14.83 8.502 3.611 5.702 21.03 22.27 19.39 23.56 31 13.6 8.402 28.08 37.75 2.743 6.412 14.64 17.56 21.71 15.77 5.719 1.695 2.296 1.484 9.679 4.012 10.1 1.741 10.27 97.64 137.3 105 179.9 98.52 175.8 41.72 31.52 108.8 57.38 67.05 188.6 452.4 708.3 1115 1144 134.5 37.16 23.46 12.31 11.12
4.394 2.259 3.686 4.941 19.42 20.98 1.873 1.175 9.925 8.385 7.435 4.452 19.41 44.25 37.22 43.4 38.28 86.28 38.76 7.833 93.7 4.029 0.5554 1.127 3.74 25.7 19.94 23.5 6.366 1.512 4.828 9.387 2.002 2.733 0.2329 1.609 2.902 89.97 119.9 91.85 117.2 242.7 318.9 66.6 21.43 80.38 94.13 108.1 286.3 411.6 569.8 1223 501.6 72.11 50.96 19.53 7.244 63.35
3.739 6.529 14.69 22.76 29.71 12.55 2.998 1.677 1.187 0.7468 1.422 2.78 7.657 11.21 4.316 12.74 55.13 36.72 28.84 51.55 12.35 2.315 1.249 0.8024 4.908 22.12 1.526 23.97 22.42 2.476 1.905 8.728 6.873 8.892 0.7092 1.369 0.9264 3.383 72.28 25.66 35.82 123.9 191.7 113.7 35.46 34.98 297.1 108 267.2 564 307.7 355.9 190.8 57.94 55.26 20.58 8.159 108.4
6.754 8.886 12.22 5.933 6.959 3.483 5.146 2.363 4.189 4.776 1.723 1.255 1.08 4.074 3.813 4.168 15.91 1.967 2.995 10.77 1.938 2.601 1.569 0.3062 5.818 1.191 3.855 25.89 34.74 23.98 18.83 5.273 2.947 8.296 1.241 3.25 3.104 3.88 21.6 14.91 6.294 11.7 19.37 90.9 17.71 22.66 427.7 1031 622.4 26.89 17.67 3.106 9.95 84.26 34.53 31.25 16.7 61.84
1.816 1.915 1.881 1.795 2.518 1.737 1.705 0.9502 0.717 1.853 1.974 1.252 0.5708 1.441 1.955 6.131 22.48 1.519 0.5335 0.7249 1.44 2.294 2.764 0.6632 6.297 2.741 7.172 8.005 41.77 28.75 24.47 37.45 38.24 9.212 12.86 12.98 5.503 1.977 11.32 29.86 32.03 28.64 30.38 14.22 12.88 19.89 282.3 1236 1117 712.7 125.3 24.23 10.27 39.66 11.29 148.9 168.7 118.9
2.224 2.825 1.965 1.148 1.125 0.7397 0.9734 1.357 1.337 1.155 0.8363 0.3027 0.1324 1.703 2.067 15.44 14.23 2.462 0.7831 1.247 1.547 2.062 1.714 1.17 2.533 3.063 3.403 3.365 25.72 27.81 25.72 24.53 57.66 48.24 36.61 45 25.85 15.96 29.15 144.2 79.31 11.78 6.853 11.96 13.01 93.02 186.8 1186 1076 341.4 41.5 54.88 37.11 6.875 3.437 76 169.3 438.1
4.633 4.231 3.811 1.451 1.059 0.2489 0.4025 1.319 1.37 1.122 1.303 0.2864 0.307 1.573 1.987 2.973 34.73 3.159 0.462 0.1534 0.5866 1.12 1.237 1.712 0.666 3.052 0.8806 4.741 9.959 25.64 1.574 3.606 3.266 14.21 9.843 33.24 67.02 66.23 108.8 245.1 309.5 185 183.7 241.4 238.9 209.1 353.1 479.6 763.7 118 100.1 45.02 8.533 3.399 4.061 82.15 55.06 164.5
1.654 3.646 1.522 0.3449 1.215 0.8557 0.6389 0.2613 0.595 0.8934 1.567 0.5987 0.3738 0.9988 8.206 40.11 40.5 1.026 0.4329 0.2644 1.474 0.7021 0.2416 1.63 0.2403 3.132 2.041 1.128 3.518 18.07 0.7214 0.9205 3.699 0.3873 1.421 0.7808 5.869 7.669 44.76 177.2 233.4 93.68 110.6 606.4 1258 468.8 226.4 644.9 234 90.82 282.5 172.8 48.8 59.04 46.91 60.99 13.15 54.56
3.74 4.187 4.967 1.817 1.078 1.33 0.4292 0.617 1.812 1.4 2.245 5.164 2.836 11.09 54.1 70.98 15.57 1.268 0.8674 1.106 0.5249 0.1202 0.1069 1.255 0.784 1.762 0.5155 0.2359 0.9614 1.55 1.626 1.331 0.6167 1.135 1.117 0.8925 0.6231 0.833 18.27 141.3 97.03 91.36 309 541.4 113.2 37.04 138.3 684.6 168.2 65.62 208.3 234.7 406 946.9 221.2 51.96 6.427 44.26
