data/AtlasDataNEP05_1_1_uni_z0.5.wam.u_m.ASC
ncols         225 
nrows         153
xllcorner     220 
yllcorner     2800 
cellsize       5
NODATA_value  1.70141e+038
[rows 78 to 103 of 153, columns 58 to 115 of 225]
2.268 2.403 1.909 1.066 1.098 0.9298 0.6864 0.9036 1.643 2.52 2.594 2.181 2.381 3.758 4.052 2.385 0.871 1.13 1.238 0.9216 0.7967 0.4736 0.6342 1.035 0.8741 0.759 0.7539 0.77 1.313 0.6046 0.6669 1.493 0.9978 1.061 1.09 1.755 1.441 1.471 2.717 4.266 4.65 4.074 2.996 1.883 0.8958 4.279 3.333 4.235 4.22 7.415 6.245 1.848 4.94 6.102 5.297 5.156 2.829 2.141
2.245 2.589 2.181 0.692 0.7324 1.419 1.931 2.264 2.983 3.233 2.124 0.9571 1.414 1.902 1.971 1.479 0.8563 1.391 0.6983 0.5633 0.7037 0.5004 0.5304 0.6302 0.6819 0.6012 0.5732 0.9076 1.03 0.5558 0.7845 1.199 0.4993 1.633 1.106 0.855 1.049 1.485 3.886 4.49 3.633 2.109 2.956 2.426 1.807 1.304 2.046 1.59 2.206 3.473 2.574 2.033 2.225 3.441 4.287 4.813 2.601 3.201
2.255 2.483 2.5 2.077 1.48 0.6657 0.6432 1.825 3.361 2.17 1.108 0.952 0.5569 0.762 0.8739 1.911 1.624 1.313 0.8773 0.8245 0.9126 0.3741 0.5275 0.5464 0.7682 0.9555 1.183 1.491 2.549 0.7268 0.8552 0.8865 0.8966 1.404 1.427 2.313 3.518 2.943 3.812 5.258 2.897 1.086 1.052 0.7661 0.6509 0.8965 0.6473 1.473 0.9066 2.385 2.366 3.027 1.678 3.731 2.689 4.72 3.096 8.911
2.304 2.134 1.858 1.26 0.9685 1.084 1.722 2.857 2.59 1.691 0.9116 0.6188 0.6401 0.4917 1.629 2.285 1.251 1.258 0.6197 0.7582 1.21 0.8353 0.5103 0.7724 0.7944 1.18 1.774 2.864 2.063 1.89 0.9426 0.9484 1.003 2.932 1.935 2.676 4.3 4.394 3.546 2.546 2.587 1.525 0.864 0.8503 0.963 0.5885 0.5706 1.001 0.9946 0.6201 1.903 3.212 1.759 4.404 1.153 3.484 1.13 5.302
2.604 2.369 2.021 1.632 1.804 2.6 3.205 3.609 2.149 2.194 2.291 2.06 2.21 1.596 1.071 1.08 1.619 1.148 0.928 0.5967 1.319 2.658 1.749 1.5 0.8747 1.558 3.092 2.671 1.271 2.813 2.984 1.266 2.884 4.201 3.133 2.7 3.991 3.123 1.416 0.9274 0.9873 0.904 1.453 0.7643 0.7088 0.6724 0.5945 1.562 0.8216 0.8989 1.361 1.126 2.975 0.7942 2.004 2.626 1.576 1.798
2.783 2.605 2.38 2.278 2.613 2.971 3.281 3.589 3.737 3.597 3.284 3.05 2.185 1.135 1.636 1.115 1.882 2.502 1.62 1.825 3.176 2.317 2.101 2.837 1.477 2.401 3.961 3.325 2.006 3.115 2.905 3.497 3.436 2.171 1.423 1.661 1.212 2.34 1.248 1.249 1.426 1.954 1.482 0.9288 0.7001 1.528 0.9115 0.5285 0.5805 1.092 1.719 1.973 0.9642 1.294 0.7733 0.788 0.8448 1.636
2.872 2.797 2.684 2.886 3.111 3.008 3.167 3.528 3.83 4.438 4.44 2.965 2.552 2.117 1.433 2.053 1.905 2.168 3.097 4.303 4.063 1.7 2.6 3.171 3.581 3.956 4.739 4.251 4.29 4.307 1.611 2.181 1.452 1.171 1.485 1.166 1.814 1.372 1.035 0.9285 0.553 0.9734 1.059 1.356 0.8512 0.8062 0.7088 0.7887 0.6583 1.12 0.8421 1.607 0.9781 1.349 0.8411 0.957 1.29 1.295
1.70141E+038 1.70141E+038 3.066 3.322 3.509 3.641 3.64 3.894 4.136 4.034 4.538 4.422 3.552 3.818 3.774 4.081 5.22 4.436 3.948 4.04 3.216 1.816 2.084 3.011 4.316 4.955 4.632 3.126 3.459 2.826 1.131 1.438 0.8811 1.412 1.01 1.916 2.012 1.56 0.7983 0.786 1.088 1.715 0.5766 1.332 0.917 0.8211 0.5607 0.7567 0.7177 1.286 0.5907 0.8711 1.554 1.591 0.8624 0.6309 0.9239 0.646
1.70141E+038 1.70141E+038 3.475 3.519 3.5 3.489 3.58 3.935 4.486 4.663 3.996 3.417 3.729 3.754 3.614 4.038 4.282 3.202 2.543 1.854 1.322 1.715 2.085 3.68 5.158 5.113 4.354 3.191 2.405 2.783 2.226 1.152 0.6572 1.248 1.206 1.411 1.317 1.154 1.366 0.7207 0.7449 1.879 0.4982 0.7697 1.002 1.277 0.9525 0.8835 0.9268 1.351 0.9235 1.354 2.174 1.761 1.524 0.7706 0.7297 0.619
1.70141E+038 1.70141E+038 1.70141E+038 3.68 3.389 3.436 3.523 3.807 4.141 4.21 3.924 3.664 3.747 3.255 2.902 3.56 3.094 2.135 2.326 2.417 1.905 2.695 3.65 4.015 4.981 4.762 4.167 3.295 3.401 2.78 2.856 0.7459 1.485 1.212 1.672 1.306 1.209 1.024 2.007 1.221 0.7894 0.9746 0.5751 0.7236 1.754 1.97 1.801 1.192 1.398 0.9862 1.08 0.641 1.493 1.481 1.014 0.8618 0.722 0.6775
1.70141E+038 1.70141E+038 1.70141E+038 1.70141E+038 3.588 3.578 3.641 3.845 3.881 3.859 3.917 4.072 4.177 4.11 4.022 3.856 4.286 4.361 4.749 4.551 3.829 3.306 3.552 2.915 3.42 2.802 2.174 2.759 3.913 3.192 2.014 1.712 1.094 1.122 1.527 2.134 1.469 2.481 1.86 1.807 1.458 0.7864 0.6846 0.741 0.778 1.698 1.515 1.524 1.561 0.8799 0.5283 0.5681 1.125 1.864 1.577 1.197 0.7408 0.7735
1.70141E+038 1.70141E+038 1.70141E+038 1.70141E+038 1.70141E+038 3.725 3.734 3.753 3.835 3.914 4.128 4.592 4.944 4.521 4.196 4.026 3.221 3.784 4.707 5.299 5.262 4.609 3.483 1.987 1.208 1.039 1.648 3.661 4.172 4.189 3.177 2.4 2.893 1.799 1.755 1.977 2.04 2.797 2.769 1.593 0.733 0.6224 0.5753 1.143 1.274 1.062 1.338 1.29 1.634 1.531 1.085 0.7796 1.321 1.213 1.877 1.628 0.7993 0.8171
1.70141E+038 1.70141E+038 1.70141E+038 1.70141E+038 1.70141E+038 1.70141E+038 1.70141E+038 3.822 3.844 3.984 4.336 4.817 4.898 4.569 4.446 4.262 3.712 4.15 5.003 5.219 5.392 5.344 4.604 3.928 3.378 2.826 2.358 2.679 3.235 3.577 4.187 3.398 2.323 1.801 1.798 2.24 2.162 2.072 1.991 1.688 1.128 0.8722 1.327 1.698 1.866 1.256 1.548 1.45 1.023 1.721 1.183 1.295 1.557 1.573 1.525 1.642 1.223 0.8103
1.70141E+038 1.70141E+038 1.70141E+038 1.70141E+038 1.70141E+038 1.70141E+038 1.70141E+038 4.038 4.026 4.107 4.361 4.575 4.581 4.312 4.656 4.877 4.791 4.711 4.893 5.124 5.281 5.429 5.077 4.305 4.123 3.652 2.926 2.41 3.022 4.004 5.093 4.262 2.99 2.17 1.485 1.832 2.171 2.604 2.208 1.866 1.501 1.678 1.409 1.121 1.379 1.686 0.7592 1.054 0.8126 1.003 0.8065 1.299 1.713 2.023 1.652 1.585 1.474 1.203
1.70141E+038 1.70141E+038 1.70141E+038 1.70141E+038 1.70141E+038 1.70141E+038 1.70141E+038 1.70141E+038 1.70141E+038 4.309 4.38 4.246 4.029 4.281 4.63 5.197 5.034 5.248 5.463 5.502 5.482 5.279 5.365 5.263 4.816 4.485 3.749 2.973 3.597 4.179 4.789 5.204 3.69 2.506 2.088 2.087 2.269 2.894 2.863 2.664 2.323 1.829 1.82 1.806 1.898 1.687 2.249 1.921 1.436 1.603 1.081 1.408 1.41 1.589 1.281 1.73 1.463 1.534
1.70141E+038 1.70141E+038 1.70141E+038 1.70141E+038 1.70141E+038 1.70141E+038 1.70141E+038 1.70141E+038 1.70141E+038 1.70141E+038 4.46 4.441 4.273 4.365 4.601 4.59 4.758 4.908 5.347 5.431 5.97 6.254 5.764 5.089 5.293 5.443 5.099 4.508 4.264 3.982 3.996 4.15 4.202 2.313 1.861 2.552 2.178 2.371 2.73 3.008 2.934 2.487 1.832 2.208 2.514 2.475 2.001 1.541 1.69 1.599 1.528 1.598 1.318 1.337 1.227 1.203 1.321 1.559
1.70141E+038 1.70141E+038 1.70141E+038 1.70141E+038 1.70141E+038 1.70141E+038 1.70141E+038 1.70141E+038 1.70141E+038 1.70141E+038 1.70141E+038 1.70141E+038 1.70141E+038 4.652 4.751 4.777 4.773 4.974 5.119 5.582 5.774 6.259 6.323 5.993 5.941 5.816 5.761 4.927 4.051 3.176 3.814 4.103 3.177 1.786 1.671 1.488 1.69 2.235 2.288 2.027 3.4 2.102 1.295 1.815 2.305 2.4 2.55 2.38 1.785 1.299 1.367 1.264 1.49 0.8987 0.832 0.8726 1.045 1.3
1.70141E+038 1.70141E+038 1.70141E+038 1.70141E+038 1.70141E+038 1.70141E+038 1.70141E+038 1.70141E+038 1.70141E+038 1.70141E+038 1.70141E+038 1.70141E+038 1.70141E+038 1.70141E+038 4.844 4.962 5.049 4.921 1.70141E+038 4.843 5.243 5.557 6.252 6.399 6.486 5.87 5.494 4.912 4.463 4.274 4.357 4.218 3.577 2.481 1.932 1.478 1.856 2.079 2.242 3.296 3.55 2.408 1.853 1.803 2.178 2.063 2.04 2.042 1.48 1.576 1.573 1.321 1.134 0.9259 0.7029 0.7078 0.8102 0.8279
1.70141E+038 1.70141E+038 1.70141E+038 1.70141E+038 1.70141E+038 1.70141E+038 1.70141E+038 1.70141E+038 1.70141E+038 1.70141E+038 1.70141E+038 1.70141E+038 1.70141E+038 1.70141E+038 1.70141E+038 4.914 4.925 1.70141E+038 1.70141E+038 1.70141E+038 5.104 5.116 5.347 5.866 6.331 6.172 6.02 5.315 5.605 5.444 5.104 4.599 3.918 3.28 3.056 2.767 2.937 3.693 4.402 3.642 1.666 0.9848 1.506 1.174 2.458 2.868 2.208 1.915 1.714 2.247 1.824 2.093 1.801 1.229 0.8859 1.117 1.196 0.8016
1.70141E+038 1.70141E+038 1.70141E+038 1.70141E+038 1.70141E+038 1.70141E+038 1.70141E+038 1.70141E+038 1.70141E+038 1.70141E+038 1.70141E+038 1.70141E+038 1.70141E+038 1.70141E+038 1.70141E+038 1.70141E+038 1.70141E+038 1.70141E+038 1.70141E+038 1.70141E+038 1.70141E+038 1.70141E+038 1.70141E+038 5.157 5.467 6.266 6.439 5.93 5.388 5.13 5.416 5.547 5.677 5.413 4.773 4.393 4.481 2.935 1.565 1.594 1.614 1.346 1.032 1.291 1.462 1.866 2.153 2.046 2.231 1.517 2.387 2.849 2.524 1.499 1.683 1.985 1.533 1.504
1.70141E+038 1.70141E+038 1.70141E+038 1.70141E+038 1.70141E+038 1.70141E+038 1.70141E+038 1.70141E+038 1.70141E+038 1.70141E+038 1.70141E+038 1.70141E+038 1.70141E+038 1.70141E+038 1.70141E+038 1.70141E+038 1.70141E+038 1.70141E+038 1.70141E+038 1.70141E+038 1.70141E+038 1.70141E+038 1.70141E+038 1.70141E+038 5.678 5.673 5.951 6.333 6.356 6.375 6.48 6.511 6.012 5.221 3.674 2.669 2.528 2.656 2.521 2.257 2.235 2.271 2.22 2.004 1.849 1.446 1.254 1.415 0.9015 1.661 2.848 2.603 1.543 1.689 1.508 1.326 1.313 1.331
1.70141E+038 1.70141E+038 1.70141E+038 1.70141E+038 1.70141E+038 1.70141E+038 1.70141E+038 1.70141E+038 1.70141E+038 1.70141E+038 1.70141E+038 1.70141E+038 1.70141E+038 1.70141E+038 1.70141E+038 1.70141E+038 1.70141E+038 1.70141E+038 1.70141E+038 1.70141E+038 1.70141E+038 1.70141E+038 1.70141E+038 1.70141E+038 1.70141E+038 6.058 6.395 6.745 7.054 6.688 5.963 4.664 3.937 3.045 2.537 2.436 2.5 2.506 2.51 2.48 2.502 2.555 2.643 2.537 2.269 2.044 1.746 1.421 1.095 1.401 2.464 2.726 2.198 1.274 1.15 1.387 1.464 1.487
1.70141E+038 1.70141E+038 1.70141E+038 1.70141E+038 1.70141E+038 1.70141E+038 1.70141E+038 1.70141E+038 1.70141E+038 1.70141E+038 1.70141E+038 1.70141E+038 1.70141E+038 1.70141E+038 1.70141E+038 1.70141E+038 1.70141E+038 1.70141E+038 1.70141E+038 1.70141E+038 1.70141E+038 1.70141E+038 1.70141E+038 1.70141E+038 1.70141E+038 1.70141E+038 1.70141E+038 1.70141E+038 1.70141E+038 1.70141E+038 1.70141E+038 1.70141E+038 4.911 4.577 4.224 3.663 3.164 2.85 2.511 2.328 2.295 2.424 2.47 2.474 2.435 2.242 2.032 1.884 1.683 1.613 1.678 2.308 2.867 2.381 1.278 1.057 1.168 1.325
1.70141E+038 1.70141E+038 1.70141E+038 1.70141E+038 1.70141E+038 1.70141E+038 1.70141E+038 1.70141E+038 1.70141E+038 1.70141E+038 1.70141E+038 1.70141E+038 1.70141E+038 1.70141E+038 1.70141E+038 1.70141E+038 1.70141E+038 1.70141E+038 1.70141E+038 1.70141E+038 1.70141E+038 1.70141E+038 1.70141E+038 1.70141E+038 1.70141E+038 1.70141E+038 1.70141E+038 1.70141E+038 1.70141E+038 1.70141E+038 1.70141E+038 1.70141E+038 5.634 5.402 5.143 4.841 4.5 4.01 3.473 2.967 2.643 2.344 2.245 2.232 2.204 2.202 2.165 2.198 2.277 2.2 2.059 1.804 2.136 2.525 2.771 1.815 1.263 1.419
1.70141E+038 1.70141E+038 1.70141E+038 1.70141E+038 1.70141E+038 1.70141E+038 1.70141E+038 1.70141E+038 1.70141E+038 1.70141E+038 1.70141E+038 1.70141E+038 1.70141E+038 1.70141E+038 1.70141E+038 1.70141E+038 1.70141E+038 1.70141E+038 1.70141E+038 1.70141E+038 1.70141E+038 1.70141E+038 1.70141E+038 1.70141E+038 1.70141E+038 1.70141E+038 1.70141E+038 1.70141E+038 1.70141E+038 1.70141E+038 1.70141E+038 1.70141E+038 5.827 5.725 5.586 5.433 5.22 4.953 4.562 4.062 3.585 3.144 2.748 2.452 2.297 2.18 2.167 2.224 2.269 2.262 2.048 1.776 1.516 1.933 2.537 2.622 1.573 1.504
1.70141E+038 1.70141E+038 1.70141E+038 1.70141E+038 1.70141E+038 1.70141E+038 1.70141E+038 1.70141E+038 1.70141E+038 1.70141E+038 1.70141E+038 1.70141E+038 1.70141E+038 1.70141E+038 1.70141E+038 1.70141E+038 1.70141E+038 1.70141E+038 1.70141E+038 1.70141E+038 1.70141E+038 1.70141E+038 1.70141E+038 1.70141E+038 1.70141E+038 1.70141E+038 1.70141E+038 1.70141E+038 1.70141E+038 1.70141E+038 1.70141E+038 1.70141E+038 1.70141E+038 5.691 5.614 5.543 5.448 5.259 4.997 4.713 4.328 3.931 3.524 3.129 2.786 2.603 2.483 2.371 2.267 2.17 2.056 1.824 1.568 1.494 1.959 2.376 2.233 1.421
